185.5,112.7
187.4,112.8
181.7,516.6
58.2,437.4
71.1,418.7
80.8,422.4
90.1,132.2
89.2,424.7
193.8,522.7
114.6,137.3
296.1,14.3
75.1,422.2
58.2,403.6
259.3,106.8
144.7,174.5
112.7,391.5
188.9,114.5
134.5,381.4
180.7,511.1
317.0,67.0
229.9,73.7
104.6,183.8
72.0,476.7
125.7,347.8
173.1,123.3
95.0,400.4
300.5,47.8
73.4,420.5
119.7,137.7
128.0,151.0
125.0,452.7
159.4,135.1
97.6,423.5
261.0,49.4
281.2,82.9
254.7,49.1
109.9,171.2
295.5,85.9
224.1,31.0
175.9,507.0
118.1,194.5
179.9,494.2
207.7,493.7
89.6,445.0
171.9,500.4
157.2,128.3
186.0,461.3
209.4,486.4
263.8,7.6
144.1,445.1
73.8,386.7
112.8,392.2
193.2,92.7
217.0,483.8
131.0,119.0
142.4,130.3
181.9,111.1
149.8,514.5
182.4,504.4
120.1,375.2
265.8,-2.1
178.1,139.8
83.9,401.6
64.8,123.8
147.0,171.2
110.6,145.5
83.1,198.8
87.8,427.6
153.8,169.5
135.7,95.6
203.0,154.0
234.7,-23.0
172.9,506.7
172.8,491.7
129.0,152.8
141.9,197.0
253.8,20.9
278.4,80.6
139.2,443.1
154.5,152.4
208.8,170.2
151.9,62.1
274.7,63.7
289.2,-11.3
197.7,101.0
165.9,133.4
117.3,403.6
235.3,518.2
174.7,84.5
102.4,449.6
245.3,62.5
217.3,508.2
132.3,194.1
115.1,414.7
171.8,529.4
274.3,24.5
267.4,-0.7
133.5,422.4
79.3,416.0
106.1,215.8
193.3,511.0
63.9,398.8
92.6,120.2
112.7,138.8
239.6,499.2
142.4,152.4
125.2,160.4
187.3,482.9
193.5,124.9
121.9,73.8
278.3,76.5
182.5,500.7
130.8,349.9
147.9,99.8
156.9,475.6
58.1,396.6
270.4,37.2
272.1,17.6
247.8,31.7
71.3,422.6
121.8,150.2
191.3,103.7
58.5,172.2
110.8,146.9
128.6,154.3
138.4,147.8
232.8,52.1
61.0,116.5
59.7,440.6
275.0,22.1
132.9,150.7
104.2,438.9
118.5,437.4
62.4,395.0
164.6,533.1
150.7,86.3
100.2,347.8
279.6,14.3
203.0,496.1
189.4,92.8
177.1,133.4
123.2,173.1
227.6,458.0
131.1,99.7
86.9,425.7
188.9,144.8
173.9,509.0
188.3,108.0
297.1,15.5
70.0,454.1
59.8,381.5
208.4,514.4
160.3,496.8
223.6,408.4
70.7,407.1
267.6,36.0
146.8,73.8
105.3,154.9
251.6,69.0
151.5,200.0
318.2,73.9
94.2,432.6
216.5,94.8
106.9,359.9
151.8,109.4
101.5,414.9
192.2,507.6
250.7,56.9
65.9,413.3
202.4,131.8
90.3,408.4
214.1,483.3
112.5,391.6
87.2,417.6
142.4,168.8
143.0,164.6
164.2,73.2
295.0,34.6
250.2,464.8
236.1,48.8
112.6,435.1
115.8,386.0
76.7,437.2
136.7,142.5
278.4,-0.2
100.8,131.0
190.2,123.6
175.4,496.1
149.7,142.1
148.9,149.7
152.0,87.2
286.6,39.7
100.9,120.8
106.5,413.3
143.0,121.4
222.2,493.7
336.7,24.3
209.1,42.7
86.9,163.3
91.4,440.3
185.1,508.5
276.1,10.8
269.2,6.4
191.7,494.5
180.1,79.1
123.4,113.9
159.8,70.1
60.5,407.9
235.0,49.9
124.2,175.9
115.2,169.8
256.6,31.6
238.3,494.7
238.8,84.8
115.3,177.2
284.5,74.9
199.2,510.4
197.8,466.9
194.2,519.7
109.0,433.2
131.1,387.5
79.9,426.3
179.1,513.7
126.1,178.1
98.2,119.1
135.8,198.2
149.8,105.6
160.9,57.2
244.8,52.1
83.1,383.7
203.2,472.0
158.4,176.3
248.7,54.1
95.8,405.4
268.7,13.4
73.9,392.9
92.6,408.7
180.3,486.3
265.2,25.1
205.9,535.9
155.1,198.0
112.0,418.7
287.3,62.3
225.8,475.5
205.8,508.1
272.9,63.1
180.0,52.1
220.0,514.7
161.7,516.1
25.2,392.7
264.8,76.9
199.7,468.2
85.0,359.7
222.9,490.7
280.5,25.0
277.9,14.9
214.7,517.7
218.3,84.1
306.5,61.5
151.3,166.7
92.7,414.4
192.6,116.4
132.8,144.2
97.4,114.4
193.0,492.7
71.9,442.9
285.9,74.2
161.3,141.0
323.7,43.7
167.7,109.8
196.4,475.4
90.5,156.5
99.7,151.3
115.2,385.1
222.4,98.3
266.9,49.5
119.4,396.2
89.7,418.7
88.3,357.9
169.2,40.2
167.6,164.9
130.4,137.3
102.1,124.2
264.3,78.8
171.1,118.0
92.0,394.3
299.0,40.8
218.0,531.7
132.1,108.0
189.4,499.8
180.2,71.6
276.9,88.1
97.9,95.6
186.4,511.7
123.1,175.4
146.4,140.4
172.0,496.3
176.0,502.3
110.7,408.3
203.1,516.3
265.3,23.2
254.7,30.5
202.6,129.2
269.1,49.6
160.5,464.2
160.3,135.1
150.8,118.7
115.9,388.6
140.6,160.5
146.7,69.8
198.7,500.5
112.9,435.3
155.1,136.7
251.4,56.4
251.9,28.8
165.2,106.6
276.7,50.5
192.7,501.6
171.9,160.5
116.9,85.5
213.8,466.9
155.7,112.5
146.0,87.7
257.0,-11.1
169.0,513.0
256.4,42.7
272.5,21.9
153.8,153.6
63.1,403.3
296.2,61.6
252.3,71.3
173.3,503.1
196.2,464.8
220.7,533.3
272.4,25.5
113.3,146.7
127.7,417.0
144.2,182.5
249.9,23.4
120.9,171.0
180.5,505.0
82.2,413.2
168.1,449.6
108.3,183.7
116.0,165.0
169.7,137.1
272.6,63.1
112.9,160.6
302.0,2.0
254.4,96.7
65.1,396.2
141.4,411.2
249.4,51.1
298.9,9.8
157.5,82.8
217.1,499.3
209.9,468.6
176.3,532.9
267.4,54.4
134.7,168.0
266.0,27.0
121.3,180.2
198.3,99.3
140.4,193.0
54.0,415.6
118.5,382.4
73.4,397.9
219.2,501.3
175.4,122.4
200.8,88.4
143.3,488.7
291.8,18.5
171.6,465.9
157.2,146.4
238.5,63.2
73.3,427.8
181.4,103.3
86.6,129.7
97.4,123.8
127.5,151.0
146.3,104.4
154.6,507.3
109.7,124.7
267.6,76.5
94.3,449.2
80.3,409.3
216.4,99.2
281.7,77.4
166.6,465.3
166.5,152.0
232.6,476.2
286.2,-13.1
107.2,189.6
149.6,73.6
269.2,74.0
274.7,71.9
282.8,18.6
76.2,381.9
99.7,185.6
114.1,183.5
112.6,413.5
217.6,524.1
193.5,170.5
206.5,123.9
259.0,29.3
217.2,484.5
291.3,65.9
170.9,98.9
89.8,401.7
106.6,355.4
89.1,135.4
98.8,402.8
158.2,98.8
223.4,134.9
145.6,113.7
159.0,527.3
194.2,448.8
134.8,155.1
84.1,202.5
125.8,143.5
190.4,82.9
250.9,28.5
248.0,73.1
243.6,69.2
260.9,27.2
142.9,134.5
166.5,190.4
252.7,1.0
117.4,369.0
190.5,481.6
281.7,41.3
208.2,523.7
156.1,135.7
192.0,524.0
103.1,146.4
256.5,53.4
231.1,503.8
183.0,536.1
215.5,493.4
153.7,94.2
278.8,7.1
120.4,126.6
194.3,144.1
165.3,92.4
215.3,130.4
214.7,494.1
94.1,417.1
115.7,379.7
294.0,88.7
99.4,156.2
118.8,148.9
140.9,178.8
295.3,52.7
234.3,450.9
246.6,14.6
115.4,165.0
121.7,166.5
101.4,183.7
166.1,88.1
239.3,27.1
210.1,97.0
145.5,402.1
293.8,62.6
103.2,126.0
173.2,111.6
236.7,458.7
237.3,10.0
205.6,540.6
242.0,17.1
46.9,397.1
155.3,477.8
70.6,140.5
264.2,2.8
99.6,158.6
284.1,12.6
183.3,478.7
206.1,142.6
185.7,487.8
104.6,381.0
151.8,104.5
84.1,369.7
120.0,145.2
199.7,173.8
44.9,395.3
169.5,104.7
151.2,147.7
205.9,484.5
183.7,123.9
158.8,476.0
51.0,400.7
64.9,441.5
249.4,62.3
115.0,397.5
104.3,179.7
213.7,106.8
294.6,14.5
103.6,132.9
96.5,453.9
72.0,167.8
90.6,465.8
65.4,404.4
119.2,189.6
222.9,493.9
148.9,222.5
199.9,136.5
207.2,507.8
280.2,28.7
164.5,491.7
181.1,479.2
171.4,80.9
221.8,93.0
305.7,25.6
233.8,0.8
101.0,439.9
211.6,75.8
231.0,477.0
232.8,23.7
176.1,100.4
189.2,529.7
92.7,435.4
126.5,82.9
273.4,-0.9
142.7,85.6
142.3,102.5
83.7,183.4
283.5,27.9
269.4,85.0
288.4,55.0
178.4,536.6
171.1,129.9
273.7,89.0
267.0,48.4
293.6,54.6
45.0,382.3
184.0,547.7
259.6,22.8
125.5,411.8
142.9,158.3
199.7,520.7
157.2,102.7
167.2,94.1
185.3,123.5
103.0,140.4
124.8,217.2
153.6,142.8
139.2,100.0
244.5,21.9
95.9,432.4
116.8,447.0
166.4,510.4
144.1,139.1
54.4,419.6
105.6,402.7
95.9,395.7
67.6,423.4
313.5,44.2
148.0,121.1
182.1,494.1
164.6,509.1
120.4,131.7
44.4,407.8
68.9,126.5
95.0,128.3
132.9,178.6
213.4,28.6
141.3,83.3
263.4,30.6
169.3,130.3
287.4,38.4
168.1,104.7
138.0,144.5
77.4,411.7
121.1,133.3
145.5,84.6
93.3,156.2
139.2,153.5
201.0,48.0
117.7,424.6
121.8,173.7
232.8,10.3
95.8,142.4
61.7,382.5
121.0,167.9
195.4,445.0
102.4,208.0
108.9,448.6
96.0,149.4
195.1,536.5
213.2,443.4
157.2,94.3
117.7,167.4
212.5,470.4
150.8,178.6
176.9,514.6
209.3,489.8
120.7,133.6
202.3,509.5
288.9,37.2
181.8,533.7
127.5,135.0
186.3,485.0
170.2,499.1
216.1,112.0
115.0,164.4
115.4,449.6
217.1,140.1
243.8,465.2
284.4,32.2
178.4,86.1
122.9,543.5
275.1,61.7
165.6,100.5
228.7,486.8
223.6,513.4
150.8,144.6
141.9,169.4
145.3,88.4
243.5,34.2
103.5,184.1
72.0,388.3
202.7,522.0
181.3,490.3
198.4,103.3
155.5,174.7
134.4,473.6
86.9,384.5
110.5,396.1
298.8,43.5
177.2,453.1
105.2,108.8
182.7,109.9
185.2,494.0
186.6,60.8
183.7,98.2
174.4,462.0
100.8,419.0
203.3,524.6
191.8,501.4
266.4,14.0
191.8,91.5
151.3,167.2
284.8,20.7
128.2,134.3
117.0,148.2
182.4,487.7
155.8,127.6
138.8,141.2
207.6,531.8
170.7,109.4
201.3,72.7
185.0,509.6
85.0,412.2
131.1,158.5
247.4,22.5
181.4,468.0
222.8,34.2
92.5,372.4
204.7,513.5
100.1,392.3
288.3,38.3
167.2,118.6
138.5,113.0
114.0,379.9
219.0,497.4
211.5,109.5
145.9,130.3
122.0,189.6
225.1,53.8
278.1,-19.5
258.0,28.4
216.7,21.9
131.3,139.6
302.8,29.5
131.1,112.1
244.5,23.3
251.3,15.9
109.8,134.5
157.4,500.9
119.6,159.9
261.8,26.3
198.5,511.0
157.0,474.5
156.8,57.6
90.5,423.7
146.0,142.1
264.1,56.3
177.1,478.9
311.5,31.4
193.4,508.5
51.3,412.3
165.2,499.9
127.2,170.2
80.5,368.2
228.9,94.8
205.5,75.7
108.3,178.8
168.8,70.5
126.8,433.7
96.7,160.1
175.1,523.8
90.0,445.8
63.5,460.3
202.8,513.1
269.5,73.0
194.2,498.1
132.6,157.9
160.0,67.6
146.2,96.4
115.0,112.3
243.5,48.2
79.3,382.2
160.5,101.0
72.1,417.1
137.7,196.3
137.5,111.8
208.1,135.1
287.4,41.7
280.9,71.6
113.9,164.0
223.5,480.0
178.8,455.1
175.8,481.0
140.9,155.9
179.6,446.2
202.9,490.8
168.6,456.1
131.5,139.3
254.0,19.3
287.6,-15.7
83.6,382.4
123.8,163.3
265.6,24.0
85.7,428.9
219.9,99.9
64.1,385.5
177.0,489.0
108.4,153.2
189.1,82.8
113.3,157.6
112.7,131.0
155.9,103.0
191.5,129.6
125.4,139.7
201.3,477.7
80.8,379.7
273.7,23.4
51.6,196.7
275.4,32.6
114.3,168.4
186.1,508.4
181.7,511.6
200.0,515.9
269.1,29.6
157.8,88.9
254.7,70.6
188.9,114.2
29.7,431.4
135.9,467.7
267.7,50.0
125.8,186.4
202.9,114.4
214.5,93.2
285.9,69.0
191.4,474.7
185.4,479.1
218.3,66.7
196.7,98.3
255.7,30.5
217.6,153.8
223.4,106.8
201.7,474.0
99.2,404.3
240.9,35.9
212.7,473.7
269.8,43.1
247.5,8.1
88.7,156.8
176.4,97.8
145.7,139.5
165.1,172.2
207.0,456.1
176.5,118.0
162.4,519.6
91.8,387.1
111.6,178.7
193.2,113.2
285.5,45.2
268.5,21.5
107.3,425.1
195.7,135.8
178.1,500.5
276.9,26.0
232.3,39.1
312.7,58.3
241.7,32.4
131.6,420.5
185.3,141.7
173.3,528.7
269.2,21.8
152.4,494.6
123.2,385.7
199.6,461.6
185.0,477.7
164.0,133.5
87.3,440.0
297.0,27.1
196.1,122.0
97.4,428.0
136.6,123.0
196.6,496.9
150.9,155.3
159.3,116.0
140.5,178.9
116.1,117.3
157.3,471.6
243.8,56.7
168.7,94.7
101.4,137.4
190.2,497.1
253.2,95.9
79.1,382.9
180.7,491.7
277.9,25.2
90.0,409.4
92.7,446.6
138.5,210.6
104.1,158.3
174.7,92.6
277.1,64.3
194.5,459.1
296.0,38.9
129.8,162.9
150.3,118.2
168.3,511.5
86.2,157.3
183.9,137.6
147.6,518.9
128.3,420.3
173.3,147.2
312.4,22.0
70.1,422.3
195.8,514.4
176.0,114.8
81.8,364.2
67.2,396.2
194.0,488.7
182.5,521.1
198.3,508.0
73.8,416.8
265.2,26.0
78.5,417.1
276.6,10.8
78.2,135.7
193.9,100.9
54.7,444.0
112.6,132.4
182.1,502.8
82.5,432.7
124.3,135.1
78.5,384.9
215.1,494.4
190.2,126.7
104.2,417.7
277.7,15.4
151.8,140.0
127.3,108.8
99.1,112.2
232.8,102.6
53.7,387.3
187.2,520.6
90.7,123.6
82.8,390.6
92.5,134.6
147.5,142.4
30.1,386.9
131.8,104.0
256.4,47.1
254.9,18.0
142.0,182.3
148.2,170.7
87.3,400.9
185.0,98.1
78.1,158.6
140.8,166.2
70.0,131.4
168.6,517.5
236.3,41.9
252.4,41.2
270.6,66.5
144.2,159.5
191.7,488.5
163.3,118.3
200.7,99.5
267.4,32.1
288.3,50.9
115.3,421.1
118.9,137.4
234.7,494.8
191.7,522.8
87.3,434.4
110.2,125.8
209.8,451.1
193.1,503.9
119.6,397.3
202.9,98.8
74.5,403.3
190.0,484.5
221.9,97.1
103.0,172.5
291.5,17.4
217.6,509.2
171.7,447.0
92.8,405.6
256.2,77.4
166.5,71.6
186.7,124.0
331.5,19.5
247.7,42.8
152.2,69.1
19.6,437.4
72.6,428.6
296.0,45.3
184.6,495.8
277.5,39.4
123.9,159.5
199.1,514.7
208.1,108.2
192.1,94.4
283.5,9.9
178.8,113.7
284.1,-11.5
65.0,385.5
154.9,103.6
270.3,58.2
148.1,130.0
144.2,52.6
93.9,134.3
75.8,406.8
83.5,399.3
243.3,67.7
26.9,456.8
147.6,176.5
78.3,395.5
268.2,53.1
249.8,49.8
304.8,35.8
135.0,404.4
179.5,528.4
104.5,167.8
336.0,39.7
235.5,510.5
170.7,138.3
206.1,139.6
236.7,11.7
155.5,439.1
187.6,448.3
98.0,412.8
182.6,496.0
294.4,62.9
199.0,488.2
128.2,183.8
98.4,369.2
188.1,520.4
109.1,366.1
101.2,145.2
286.9,12.8
92.6,195.1
98.2,139.7
281.2,23.8
189.5,99.4
234.3,24.7
97.8,410.8
136.6,141.2
279.7,26.8
174.0,144.9
80.8,438.4
190.0,461.3
190.3,134.0
153.4,492.7
91.7,398.8
72.9,360.9
105.8,178.2
196.6,505.9
98.4,454.5
292.3,45.7
220.1,472.8
173.2,74.0
159.4,94.7
46.9,410.1
139.1,177.5
165.6,505.5
141.9,177.1
194.6,470.7
277.0,26.6
303.1,68.6
178.9,124.6
158.3,522.8
109.9,197.8
284.0,29.7
252.5,4.0
89.0,167.2
115.0,105.9
263.0,66.0
181.9,88.6
168.2,94.3
283.1,66.4
127.7,161.9
181.6,123.0
184.1,487.8
125.0,152.8
237.6,77.5
152.9,140.5
272.2,49.0
293.9,74.4
126.9,143.0
149.7,195.4
99.1,169.4
194.3,131.4
174.6,451.7
216.1,507.6
74.2,407.9
318.8,63.9
148.6,171.7
116.5,129.8
204.1,140.8
219.1,15.9
161.7,95.1
247.0,61.6
66.8,421.4
145.8,175.3
150.0,192.1
214.4,480.9
322.4,49.7
213.6,470.0
113.4,153.7
201.4,112.5
186.7,472.6
163.6,505.0
180.3,481.6
240.0,38.5
260.7,51.8
170.4,506.0
137.4,116.0
184.6,506.6
160.4,136.5
114.7,160.6
116.8,182.3
180.5,101.7
291.0,19.9
236.3,50.3
113.9,150.6
192.7,483.4
181.0,485.4
93.6,401.3
189.6,77.2
122.8,132.3
194.6,55.0
260.6,36.8
59.6,386.6
153.3,128.1
270.7,7.3
215.6,23.5
279.8,37.2
124.5,130.4
123.4,162.9
287.9,22.5
193.7,114.2
178.4,541.3
273.9,48.1
190.6,443.1
147.5,111.6
87.6,160.6
294.2,18.8
145.1,485.5
67.7,399.5
187.7,428.8
120.9,149.7
188.7,81.4
309.8,34.4
221.4,99.0
148.3,116.5
153.3,527.6
68.6,405.7
259.6,24.1
152.1,121.6
148.0,76.9
107.7,128.5
161.7,108.3
119.8,137.9
186.1,168.6
84.4,429.7
96.1,424.3
197.9,505.1
119.9,410.9
160.8,445.0
128.3,127.1
176.7,123.6
135.1,187.6
82.7,472.2
138.3,124.2
63.4,372.0
102.7,425.7
181.5,498.9
103.1,142.8
189.9,480.1
291.4,66.2
155.4,115.8
139.0,172.5
84.3,421.6
192.0,71.1
103.1,369.6
103.4,415.0
223.2,504.2
75.5,405.1
47.1,398.0
83.1,123.1
184.7,115.6
86.6,179.9
107.0,380.0
204.4,81.4
100.9,421.7
190.8,493.5
168.4,82.0
195.4,141.1
101.8,413.1
92.7,419.4
73.8,468.6
252.4,51.8
232.4,470.8
247.6,28.8
160.9,125.3
120.5,174.3
273.1,36.2
154.9,488.7
274.2,22.3
137.8,140.4
256.5,14.1
112.8,147.9
152.3,113.3
236.4,494.7
167.3,500.8
117.0,108.6
96.1,200.7
139.9,150.5
202.3,81.8
155.1,521.1
188.4,520.0
274.8,50.4
178.7,126.8
159.9,130.7
91.3,404.7
241.0,15.5
89.3,405.8
70.6,136.1
76.6,125.4
247.0,-12.2
86.3,451.0
31.1,442.3
138.2,522.1
194.9,136.6
235.2,3.6
259.1,50.7
270.6,22.4
177.8,101.3
156.1,498.1
241.0,52.0
287.4,58.2
150.5,190.0
79.9,385.1
138.3,160.7
257.6,62.2
81.6,404.7
100.8,166.7
114.8,192.2
267.5,60.5
98.9,156.3
289.3,54.8
156.8,98.4
206.9,495.5
239.9,102.6
162.8,148.5
62.8,428.8
173.2,456.6
190.7,476.6
141.2,122.9
148.4,93.0
121.5,150.4
280.5,51.7
120.3,177.0
123.5,137.8
172.3,524.6
115.1,377.3
138.1,156.5
229.1,477.8
177.8,477.7
155.4,176.7
249.6,49.3
225.5,476.2
284.3,29.5
125.5,436.4
224.2,500.5
193.0,514.1
67.1,415.6
168.7,479.2
112.5,162.2
250.7,24.1
266.3,-15.2
161.1,137.7
126.7,432.0
296.7,16.2
154.9,100.5
122.2,158.0
172.4,408.4
136.4,157.5
157.1,126.1
199.2,464.7
132.9,150.4
109.8,165.3
130.7,119.5
113.0,167.5
200.0,471.4
210.6,117.5
282.4,29.4
181.1,95.4
166.6,151.5
295.4,31.6
41.4,423.9
175.7,476.3
167.0,140.6
103.6,397.5
51.5,377.8
83.4,422.3
150.9,116.2
83.5,144.6
286.1,65.4
173.7,179.1
97.1,491.1
133.0,497.8
144.3,86.8
206.6,467.9
160.2,479.3
302.1,44.4
66.1,115.4
93.0,379.9
66.3,370.9
133.8,115.3
141.0,554.2
238.4,68.7
113.9,365.6
166.8,119.3
156.8,461.1
35.3,405.1
184.1,477.9
156.0,208.1
151.2,113.6
107.2,141.7
69.3,193.1
51.7,428.1
202.5,490.3
300.1,36.5
180.6,171.9
241.0,48.8
103.6,387.9
123.5,69.3
57.6,190.8
122.7,142.8
176.2,506.6
109.5,162.9
200.7,149.4
75.9,164.8
247.2,41.6
253.4,69.5
74.0,375.7
175.4,468.3
197.9,450.4
152.7,144.3
57.6,382.6
98.5,155.7
161.5,103.3
180.6,85.8
129.0,169.7
166.7,129.5
103.3,148.9
151.9,76.7
109.0,143.0
156.3,495.1
175.2,126.1
126.2,163.6
196.0,125.4
303.2,53.1
315.4,28.4
127.1,186.6
118.1,129.7
123.5,187.2
132.9,483.3
216.5,96.4
197.1,483.0
95.3,121.6
115.5,132.3
152.0,147.8
90.7,399.4
64.4,166.6
178.4,492.2
114.4,142.8
81.6,381.7
133.0,475.4
143.0,169.6
228.5,171.1
279.9,14.1
169.9,119.9
209.4,455.4
126.0,165.6
131.8,212.0
133.3,185.3
124.1,378.6
102.3,421.0
156.6,182.0
284.0,-37.3
64.3,412.5
313.2,49.0
178.8,484.8
78.8,201.5
109.0,178.0
128.8,117.2
214.2,24.1
174.1,131.2
187.2,141.2
164.9,84.9
146.3,105.6
266.6,57.8
234.1,14.3
310.9,10.9
227.7,137.1
267.4,16.8
260.8,43.8
189.0,102.9
139.4,117.7
146.5,119.5
147.1,471.9
217.4,489.1
286.6,42.8
149.7,154.1
145.1,210.4
157.7,74.8
167.7,106.8
114.4,162.4
147.5,138.4
180.3,130.4
122.7,384.4
112.1,393.0
184.4,78.9
276.5,40.7
154.2,495.4
174.0,480.5
247.3,78.5
257.6,28.0
149.8,517.1
88.1,416.1
175.5,501.4
192.4,164.8
152.9,163.0
267.0,10.8
327.5,-9.4
177.0,77.5
112.3,180.9
185.2,102.7
160.0,521.7
187.1,476.1
98.7,435.6
223.5,503.1
148.4,490.9
123.3,157.9
145.7,139.5
138.2,113.6
211.0,134.0
197.0,128.1
218.5,20.8
141.7,107.0
193.5,133.1
178.7,508.6
61.1,422.0
90.5,182.7
257.3,56.2
59.9,418.5
141.2,189.1
70.5,423.1
129.9,195.5
145.2,72.2
81.3,421.9
183.2,498.9
131.5,158.8
152.5,138.2
57.0,438.8
165.1,140.4
256.2,53.6
82.2,373.4
160.7,77.2
207.9,448.1
189.4,146.5
148.1,123.0
87.9,140.7
168.3,68.1
297.4,61.5
122.9,414.8
85.5,441.9
137.3,146.8
231.0,44.1
58.6,411.4
195.6,77.2
282.4,54.2
42.3,437.7
111.8,117.4
262.3,53.7
173.6,107.0
195.1,512.7
266.7,85.1
166.9,129.1
107.7,138.9
213.6,482.6
168.8,101.4
221.7,449.6
134.6,178.9
78.5,399.4
280.5,59.5
117.4,183.6
127.7,82.0
148.2,167.1
145.0,125.7
176.2,475.3
190.1,93.4
209.2,102.9
177.6,474.6
148.2,533.7
139.6,117.8
268.6,9.4
146.1,483.8
103.3,119.2
188.6,474.4
142.6,158.8
108.3,184.6
93.8,112.0
285.0,50.9
105.9,169.0
185.4,494.3
145.9,135.9
65.9,418.5
217.0,490.7
83.2,131.4
228.5,118.0
53.6,437.8
242.6,-0.3
77.1,363.3
195.8,82.6
281.7,30.9
314.4,22.4
191.1,490.0
171.5,144.7
160.7,495.1
222.3,531.5
167.1,84.0
63.6,420.6
208.1,119.9
83.9,412.0
240.3,53.9
240.1,65.0
123.9,222.6
101.4,364.1
91.7,187.6
101.2,190.0
208.0,460.1
89.0,372.5
260.6,63.0
198.6,83.8
221.7,492.6
120.7,105.7
40.7,391.0
113.9,132.8
256.3,74.1
219.6,488.7
223.8,22.3
330.3,30.2
182.0,128.2
203.1,124.2
154.1,126.1
254.5,52.6
151.8,150.6
96.4,445.5
118.4,170.6
106.6,145.7
117.5,148.2
269.0,51.8
193.7,497.9
104.6,147.9
185.7,526.9
140.4,150.0
180.0,529.4
195.7,122.0
125.0,159.5
67.9,434.0
306.5,72.0
193.7,481.8
158.9,400.6
106.8,132.8
183.0,157.5
96.7,146.2
172.4,450.7
236.0,485.1
175.0,152.6
104.8,160.7
268.4,51.8
285.0,43.6
87.0,425.8
117.6,207.2
111.6,374.0
107.9,178.1
129.9,419.8
85.6,410.5
85.5,418.8
266.6,84.6
164.1,523.6
143.3,86.5
72.3,442.0
207.3,506.3
271.6,61.3
268.4,51.9
178.7,78.9
166.2,506.2
51.1,393.9
243.9,57.6
129.5,130.2
107.4,115.7
172.9,90.7
102.1,97.9
209.5,28.2
99.6,420.8
187.5,465.1
249.1,57.7
308.4,3.3
198.0,513.9
141.2,183.8
112.0,390.2
311.7,1.5
201.4,454.4
269.8,-12.5
271.3,34.8
172.8,86.7
154.5,140.6
259.5,50.4
136.5,146.6
141.7,163.9
132.0,137.6
84.6,414.9
82.1,403.0
96.5,132.4
318.9,45.1
74.3,455.9
270.0,65.7
282.0,64.7
84.4,134.1
177.9,467.3
154.7,484.1
132.3,158.9
166.6,138.6
187.6,171.9
180.0,486.0
123.2,53.4
99.0,428.2
232.0,38.5
221.9,459.1
98.0,408.2
189.8,475.4
170.6,196.2
102.5,179.4
245.7,47.9
241.9,3.6
242.2,91.1
201.0,123.9
157.1,103.3
284.5,59.0
232.6,76.8
76.6,428.4
179.1,476.2
164.5,163.0
90.7,373.0
145.6,495.4
204.6,513.7
103.0,161.4
101.9,420.7
246.4,468.7
160.8,127.0
176.3,416.6
168.1,77.8
145.7,172.5
101.4,419.7
266.5,60.0
158.4,123.3
119.0,153.3
165.8,485.7
151.2,72.2
188.2,502.7
271.5,49.6
274.2,48.6
206.2,509.7
109.0,371.2
96.2,413.9
67.1,345.5
163.2,471.5
111.3,423.7
149.9,466.3
101.8,150.0
151.7,112.2
67.1,451.5
83.7,110.5
215.9,450.9
107.7,156.3
151.4,129.6
247.9,-0.1
28.6,416.1
178.1,514.3
138.1,207.2
215.8,493.6
65.5,481.1
218.8,474.0
116.7,135.5
98.9,419.8
157.8,119.9
176.1,524.7
153.7,108.5
171.6,486.1
199.6,127.5
117.5,173.8
72.2,417.3
108.0,415.1
209.2,480.7
112.5,402.8
140.0,419.4
260.2,24.8
144.1,190.3
91.5,413.5
206.5,487.2
126.7,216.4
208.2,447.4
139.9,169.3
217.9,89.3
136.9,106.4
95.2,412.2
256.4,85.2
197.3,459.7
203.2,517.1
123.2,149.9
188.4,514.8
160.1,149.4
275.4,63.3
57.9,432.4
123.5,203.3
99.0,159.6
202.5,503.0
127.4,141.2
201.8,431.2
178.0,507.6
98.2,184.8
181.7,112.6
120.3,89.5
87.7,401.5
145.6,113.0
163.9,507.6
138.2,146.9
102.9,412.3
195.4,524.3
114.8,375.7
89.8,389.1
142.1,146.6
165.1,161.0
72.3,453.3
266.2,32.1
168.2,105.4
202.2,124.5
119.7,434.4
208.8,505.1
291.4,71.1
142.2,147.3
217.5,462.4
281.8,34.6
278.4,14.4
209.8,492.1
85.0,131.8
262.9,49.6
75.0,408.1
104.7,117.0
76.1,185.8
85.3,400.9
292.3,16.5
145.5,180.1
127.6,97.8
134.3,112.0
168.7,119.3
157.2,128.0
282.8,61.5
279.8,11.1
179.2,475.1
186.4,470.9
168.8,525.5
202.4,497.5
269.9,34.2
169.3,473.9
116.1,66.6
190.7,445.4
194.9,494.7
121.5,416.2
208.6,493.5
93.9,396.6
87.4,181.2
148.3,108.7
120.6,150.5
277.8,-11.5
154.9,484.0
198.2,501.3
186.7,523.7
75.2,369.2
92.0,359.9
254.9,83.9
95.5,419.9
264.2,-1.9
162.8,81.2
151.3,100.1
85.1,368.2
295.4,41.8
82.5,433.2
153.4,98.7
304.2,32.6
185.2,547.9
90.0,409.5
144.6,529.1
131.4,471.5
221.9,543.9
205.0,455.4
210.0,57.5
185.3,139.6
257.9,59.6
233.7,37.2
154.7,71.7
112.3,144.9
166.5,462.1
41.8,387.6
254.7,59.2
145.5,160.3
113.1,155.5
131.6,117.4
175.0,84.4
123.4,393.7
140.8,115.2
112.7,190.2
168.8,86.4
86.9,411.1
181.7,76.1
274.0,-1.3
177.0,460.1
158.7,109.0
306.2,53.9
195.2,110.6
216.5,35.9
308.3,11.1
193.8,475.8
131.4,66.6
120.0,162.8
125.6,141.4
96.8,391.8
95.1,375.0
210.7,491.3
166.0,489.3
52.1,393.6
144.6,55.0
101.5,440.1
138.8,393.3
187.5,85.5
260.4,68.8
204.5,456.3
294.2,92.2
42.4,394.6
105.0,168.2
179.8,75.2
180.5,168.8
146.5,385.1
52.2,411.8
194.8,486.4
73.0,398.7
112.0,168.9
149.7,497.9
275.3,5.1
84.6,391.6
149.5,118.9
182.4,129.9
107.0,154.0
141.3,476.0
277.2,44.8
220.4,28.2
287.1,45.2
164.1,138.3
51.9,401.4
111.6,399.3
246.1,71.9
265.7,103.4
254.1,40.9
282.2,32.3
147.1,181.1
92.5,361.9
196.9,175.5
118.4,427.2
282.8,47.1
225.9,508.8
173.7,98.4
259.8,68.5
226.4,77.4
95.9,370.4
87.7,403.3
93.2,388.5
333.6,27.5
125.4,145.1
250.3,32.4
107.7,58.6
145.2,129.4
250.6,80.9
127.7,152.1
199.9,512.7
316.9,31.4
105.3,437.7
270.9,37.8
165.7,503.3
123.4,418.3
145.0,100.1
126.1,122.8
235.8,444.5
99.6,135.4
206.2,492.8
84.0,426.3
211.5,458.1
252.9,113.3
75.9,141.5
291.1,86.3
46.1,435.2
179.7,158.5
123.7,177.7
205.8,469.6
134.2,158.8
250.0,23.4
199.1,496.1
251.6,54.8
115.5,415.9
191.8,486.1
179.4,486.4
299.6,72.6
197.5,517.7
170.6,104.1
187.8,80.3
207.5,514.2
289.8,73.2
248.6,74.3
271.8,-12.4
173.0,150.7
175.0,503.2
88.3,146.0
123.0,123.4
88.0,351.4
223.6,64.8
183.6,505.1
195.2,470.3
127.0,118.4
51.8,403.6
159.7,120.8
265.7,71.6
98.4,407.9
181.4,487.0
120.6,152.6
159.5,483.8
187.2,133.8
162.9,177.2
279.8,49.0
241.6,27.3
159.9,38.0
161.8,88.9
168.0,113.9
142.6,163.2
88.1,149.4
172.7,534.2
176.7,474.5
125.6,145.8
178.0,111.5
65.3,387.1
192.1,481.4
149.3,394.7
167.7,186.1
178.3,482.7
97.2,167.8
297.7,-16.3
97.9,399.4
94.5,174.4
51.7,423.2
180.4,107.9
204.7,521.9
161.6,140.0
123.1,401.6
207.1,483.8
159.0,106.6
202.9,486.8
192.6,479.2
179.7,488.4
305.2,-11.0
194.0,471.3
258.6,55.3
289.7,25.1
141.1,153.0
241.9,23.3
102.1,406.9
63.2,386.7
189.3,133.1
205.0,75.2
117.2,411.9
77.5,417.1
154.8,99.1
164.9,516.7
222.1,481.3
102.2,408.8
213.9,148.2
107.7,189.9
210.1,539.1
82.1,419.1
163.9,93.6
274.8,32.8
291.3,57.0
288.9,47.1
246.6,36.5
100.3,188.9
217.3,458.7
191.3,115.1
176.2,482.2
299.0,31.0
167.8,506.6
86.2,141.9
126.3,110.0
265.6,9.5
135.5,151.7
262.4,51.5
184.4,502.5
148.2,464.2
297.8,48.6
123.6,145.1
107.6,139.7
223.4,52.7
278.0,5.7
203.1,519.0
83.5,395.3
204.9,471.9
128.8,161.9
116.9,163.6
141.2,161.6
160.7,485.4
175.0,450.0
89.4,389.2
162.8,90.4
174.6,119.7
107.7,393.1
83.4,185.2
220.9,40.1
84.7,181.0
199.8,101.9
101.5,432.0
144.4,135.8
169.4,508.1
131.9,152.6
112.6,193.2
138.5,118.6
152.7,144.9
148.3,145.8
81.8,366.2
158.7,494.4
163.9,91.7
73.5,362.7
130.9,175.5
244.4,66.3
268.9,54.0
274.0,81.5
123.7,172.6
184.7,135.8
246.7,63.9
147.1,125.3
140.0,84.5
199.4,101.3
198.9,483.6
162.3,90.3
199.1,135.9
107.1,403.2
280.0,65.5
87.6,434.5
197.3,495.5
100.9,421.1
108.7,398.5
173.0,152.5
112.1,166.7
104.8,88.6
165.5,504.9
