277.3,379.8
233.6,375.1
312.9,350.4
135.6,64.5
271.2,450.2
230.8,405.0
255.7,427.2
234.5,372.5
257.6,419.3
400.1,33.6
446.4,37.8
30.2,145.0
404.1,38.8
270.8,376.2
245.3,396.2
232.3,428.4
264.1,416.0
133.6,21.2
379.0,45.5
276.4,389.0
81.8,87.7
40.7,128.1
233.4,389.5
263.6,417.0
35.9,124.2
61.6,139.2
274.6,439.0
407.6,39.1
386.0,45.3
79.6,42.3
260.5,376.7
235.6,371.7
93.4,54.0
388.1,94.5
136.9,61.8
116.6,-17.6
272.4,389.0
62.4,144.7
231.4,375.0
231.4,461.6
346.8,21.2
78.8,70.6
120.3,1.6
21.6,140.0
100.1,-3.4
408.7,50.9
240.2,345.7
410.1,4.1
239.3,382.5
451.0,22.2
410.1,94.4
89.5,42.0
428.2,58.6
272.9,359.3
102.8,30.9
415.0,48.4
312.2,422.9
389.8,60.5
435.8,25.9
99.9,25.2
56.6,103.4
384.9,66.4
64.5,121.7
283.5,392.2
453.8,41.8
246.4,356.4
248.4,439.6
242.5,439.8
12.3,125.4
293.3,452.1
95.6,2.8
404.1,-5.5
233.2,459.4
223.2,345.9
82.1,63.3
472.4,72.1
381.9,36.9
398.7,82.7
272.8,391.5
87.4,-18.0
232.7,351.4
55.0,200.3
407.4,48.8
7.0,165.4
241.7,358.7
373.5,32.5
33.5,166.5
266.9,430.0
61.3,106.1
411.9,-5.1
308.4,336.2
271.6,386.5
95.5,30.5
113.2,32.8
294.8,459.4
9.1,167.8
381.0,33.2
281.4,375.1
27.9,156.3
272.0,338.3
22.8,156.2
101.9,-20.0
289.5,437.0
123.5,31.0
233.7,412.7
263.7,383.3
130.4,54.3
107.8,23.0
137.5,18.2
269.9,387.4
417.4,7.1
270.4,352.7
411.8,25.5
36.8,180.7
133.5,58.6
118.7,53.6
246.5,365.9
289.5,411.9
265.3,386.0
288.0,374.9
412.4,32.6
40.0,154.0
25.1,168.1
274.3,379.4
289.4,409.1
7.4,186.9
233.6,359.3
415.2,17.2
246.5,417.8
46.0,156.3
257.3,396.2
32.0,145.2
31.1,163.8
108.5,54.7
99.7,16.9
456.8,22.7
241.9,425.2
77.7,48.1
258.3,384.0
288.7,424.1
364.0,42.4
379.9,65.1
287.9,412.2
87.6,-15.1
293.5,396.7
84.0,136.5
428.6,40.0
273.9,433.7
130.5,95.2
114.2,64.4
34.8,171.0
85.7,28.5
48.2,168.5
201.1,407.4
445.3,33.6
6.4,138.9
264.2,390.9
249.7,468.9
398.8,45.0
425.3,24.1
291.6,376.9
129.9,38.4
23.5,159.4
363.4,37.4
140.9,51.1
115.0,38.2
103.3,89.8
207.2,372.9
21.2,137.4
99.1,-15.2
377.8,47.3
427.8,58.4
125.1,47.9
455.3,35.5
34.6,206.9
105.7,57.9
408.9,45.3
309.7,434.3
400.8,22.5
250.7,381.7
96.0,4.9
396.5,46.6
31.3,193.5
124.7,-0.3
417.3,-1.6
415.2,75.1
421.9,49.3
268.8,392.3
388.3,40.0
284.2,325.0
250.4,338.2
225.6,367.1
91.8,27.4
236.9,335.5
248.0,377.7
281.0,405.1
78.1,23.7
261.4,349.4
-25.8,147.9
130.8,-24.2
119.2,99.7
17.6,163.7
231.1,404.3
293.2,351.8
377.9,78.6
429.3,20.0
264.6,425.0
426.6,80.6
250.7,369.4
102.8,54.3
249.8,386.5
160.8,27.8
202.3,400.9
233.4,369.8
242.3,345.7
39.9,135.9
89.5,28.8
422.3,48.3
218.5,374.0
50.9,158.1
57.4,133.5
44.4,165.2
406.4,50.9
269.8,362.7
245.5,347.1
133.8,48.0
284.7,370.9
226.0,395.0
272.3,409.3
234.2,412.3
292.1,446.6
370.8,11.4
130.5,18.6
402.1,66.9
272.8,396.0
407.5,71.1
280.4,382.7
93.8,29.5
272.7,401.2
30.5,181.8
135.7,52.5
247.0,415.1
73.6,42.0
62.5,158.0
300.0,418.5
450.2,18.6
299.0,359.0
260.1,343.4
205.0,424.6
251.3,407.0
97.3,54.8
81.6,4.1
391.4,29.9
93.4,44.1
249.5,412.4
414.9,47.0
232.5,365.1
257.2,368.8
277.2,408.8
27.6,183.3
258.9,314.2
113.9,5.4
19.5,104.6
6.7,172.1
283.0,411.4
225.6,429.8
278.6,389.9
229.0,407.5
258.9,432.1
292.6,415.5
96.5,13.7
37.9,160.6
424.7,54.4
405.5,37.1
192.1,432.0
97.1,51.0
140.1,7.3
47.2,161.2
253.7,365.9
411.7,33.3
406.7,53.1
240.9,308.8
83.8,34.5
252.5,392.2
62.5,141.4
-5.4,162.5
274.5,344.3
129.6,16.5
255.0,378.7
270.1,362.9
414.6,18.3
103.8,57.8
250.6,406.6
132.4,20.5
212.6,406.6
52.8,190.1
100.0,27.3
30.5,168.5
432.2,36.5
88.6,37.5
-7.8,133.5
436.8,63.9
393.7,9.5
444.3,42.5
-0.9,164.6
263.9,403.8
426.6,31.6
262.7,399.6
255.8,452.2
412.4,45.5
283.0,475.3
99.2,106.8
225.5,428.8
111.1,42.0
231.2,406.8
207.0,379.5
315.2,436.3
267.9,376.1
272.0,432.5
85.6,41.3
277.2,465.9
266.1,332.9
233.6,388.2
405.4,51.2
368.0,-25.0
38.5,145.9
275.9,417.5
81.3,151.6
70.6,134.6
40.6,155.1
276.7,382.3
193.4,364.0
224.5,349.9
396.0,40.3
434.0,6.4
385.3,19.3
269.5,381.5
104.4,47.8
51.6,154.3
73.2,147.5
432.1,-11.2
123.1,2.7
23.7,114.3
58.9,91.2
195.2,382.4
-1.5,156.3
410.2,8.2
133.0,60.6
262.3,408.2
261.3,380.7
246.4,397.5
271.5,351.0
73.2,121.6
24.9,141.0
252.0,375.3
110.9,25.6
419.1,26.3
61.4,90.4
264.2,383.5
47.5,164.5
242.8,373.7
39.3,150.9
262.5,339.0
430.4,7.7
95.1,-14.6
47.4,162.1
363.0,17.4
437.8,47.1
276.9,366.7
403.9,69.3
222.6,376.1
414.3,27.7
148.1,1.2
393.2,31.3
-18.6,143.6
80.2,37.4
292.2,422.7
41.2,132.6
265.3,352.2
441.5,21.4
134.2,53.0
260.2,372.5
95.1,46.4
279.5,361.8
437.5,85.8
26.6,124.5
105.4,60.0
267.9,357.4
160.4,26.0
27.2,118.4
88.2,85.1
393.8,34.6
130.7,39.1
159.6,36.1
69.7,180.8
138.2,26.0
96.6,179.2
424.3,48.9
107.2,53.5
263.6,400.8
121.5,6.8
79.8,40.0
268.2,404.1
289.3,442.4
108.3,32.7
379.5,53.5
282.3,359.9
14.8,105.1
87.1,30.1
276.7,437.6
435.9,28.9
112.8,21.1
283.7,467.9
389.5,55.2
277.5,413.6
44.0,117.1
117.9,56.7
302.7,364.8
29.4,126.2
286.5,398.3
274.3,409.8
425.7,89.5
225.2,406.1
268.0,420.1
41.8,137.0
380.2,1.0
263.2,386.6
84.3,39.4
274.9,394.3
231.9,398.9
94.9,67.1
256.3,432.6
210.0,342.9
41.9,154.4
423.4,32.6
275.7,409.1
399.1,40.0
129.6,4.9
366.6,35.5
397.3,39.3
257.5,433.4
413.7,37.8
88.9,59.8
241.7,385.1
36.1,123.5
58.4,153.2
94.9,146.8
312.6,390.8
62.1,137.0
275.7,382.5
239.5,372.7
409.1,-0.7
279.8,459.7
255.9,391.8
412.8,-8.2
380.9,16.6
242.0,351.3
50.6,146.5
109.1,37.1
390.3,15.0
279.6,421.4
126.3,54.8
415.6,29.4
127.5,29.1
122.0,15.9
425.2,77.2
86.7,34.9
124.7,19.2
385.1,28.9
91.2,16.0
377.6,41.6
109.3,17.1
251.0,370.6
36.2,63.9
445.8,39.5
131.8,74.6
229.5,401.9
231.9,404.0
305.9,371.9
453.9,63.1
34.0,147.0
52.8,144.5
83.5,47.3
231.1,392.4
253.6,410.3
256.9,344.0
249.6,406.6
55.9,130.7
100.7,32.3
44.3,134.0
123.8,49.6
361.8,-9.4
223.4,375.9
265.6,323.4
232.9,408.8
292.8,419.1
257.5,384.1
260.5,362.7
242.1,339.5
237.1,387.4
118.0,37.1
38.4,167.6
115.2,51.4
126.8,-6.3
433.9,33.9
269.4,383.1
426.8,61.1
267.9,381.4
221.3,341.9
244.5,409.6
-12.7,144.4
424.1,-22.0
116.9,7.6
235.1,371.5
31.0,118.0
47.0,119.9
189.3,407.0
257.9,400.7
266.3,411.8
113.2,45.0
39.0,129.9
412.6,77.5
26.6,135.4
61.0,77.2
13.6,139.3
16.9,157.1
75.0,41.8
0.6,175.3
235.5,392.8
272.6,373.3
240.2,370.3
106.3,51.6
22.3,173.8
426.7,34.9
111.7,61.6
248.2,390.7
410.6,38.5
227.3,388.1
146.8,26.5
85.7,38.8
426.5,47.2
374.3,24.8
284.3,376.8
415.2,35.7
114.7,-11.8
37.9,145.2
34.2,157.4
245.3,395.7
414.7,66.7
76.4,53.8
28.1,183.0
27.1,127.7
89.1,55.4
405.9,42.1
77.0,45.5
110.6,36.2
430.0,42.7
236.5,406.5
398.1,30.8
286.6,410.1
257.0,366.1
69.9,183.3
275.6,365.1
261.9,431.2
259.1,397.8
269.9,394.9
23.9,181.3
432.6,39.1
36.3,163.3
62.1,56.0
253.5,414.2
390.4,32.6
99.4,61.1
379.1,48.6
271.2,390.9
73.9,54.5
95.1,-12.7
384.4,62.9
108.3,73.2
254.2,398.3
444.5,57.5
246.2,359.7
224.8,362.0
98.2,25.0
35.6,163.8
129.9,77.6
74.9,119.8
106.1,8.6
246.0,397.3
95.0,36.7
109.3,72.3
273.6,411.3
272.4,419.3
376.1,29.4
364.8,34.1
-2.0,152.3
373.8,21.6
230.1,386.3
9.5,143.5
266.3,417.0
404.9,19.8
203.5,384.8
258.8,407.9
417.3,5.9
268.7,412.6
130.7,14.7
110.4,16.1
63.9,166.4
421.6,6.6
228.4,361.1
371.7,53.8
38.7,149.9
281.0,429.9
30.7,219.1
34.4,116.5
399.3,40.1
32.0,182.4
210.5,359.4
43.1,137.3
12.7,154.1
211.2,400.0
118.2,31.0
127.3,73.1
33.4,166.1
293.4,435.1
260.3,398.6
415.4,29.2
305.2,403.8
148.8,47.0
216.1,355.3
435.7,4.0
262.8,334.8
411.4,71.8
307.1,432.4
89.8,39.1
224.3,432.5
274.3,368.8
207.4,363.0
69.8,125.3
428.4,25.3
109.7,9.4
423.2,81.5
299.2,371.4
96.6,18.6
245.9,418.9
141.4,69.8
386.1,48.4
15.8,135.1
73.8,97.9
130.7,32.6
303.8,391.9
402.4,62.0
117.7,18.0
42.2,142.2
206.9,342.2
60.1,150.5
7.6,163.3
72.1,65.2
443.2,42.1
19.5,153.7
315.4,413.1
99.0,39.0
233.3,416.1
46.1,174.1
258.9,367.2
59.0,118.7
286.5,357.4
260.3,382.1
17.3,124.9
218.0,384.8
82.4,10.1
441.1,75.7
51.6,171.5
249.6,439.7
272.2,418.9
247.9,341.8
271.5,342.9
264.0,408.1
272.4,382.5
97.7,6.9
3.2,89.5
295.7,406.2
270.8,340.8
248.8,383.7
433.0,71.2
394.1,50.5
262.1,405.5
271.3,356.4
190.5,368.3
69.4,49.5
250.7,428.3
293.3,410.9
41.4,121.9
259.3,457.8
54.5,180.3
155.9,30.5
143.2,44.6
135.3,7.3
215.9,328.1
370.9,67.3
127.0,59.5
96.2,39.4
397.9,25.5
435.2,51.7
74.8,-7.6
392.3,6.4
258.6,375.8
72.8,142.5
409.9,26.4
54.4,130.7
387.6,35.9
92.9,17.9
264.5,367.9
283.0,424.5
108.3,24.5
416.8,43.6
238.4,347.7
254.3,350.4
65.9,128.2
380.5,34.8
101.1,111.7
23.0,184.3
35.8,129.9
27.2,130.4
377.2,2.2
78.9,-7.1
265.3,351.1
421.7,60.6
34.1,97.0
308.6,384.3
421.8,-0.7
417.2,61.4
76.8,29.4
14.0,125.5
305.4,407.0
250.3,441.6
28.6,116.5
107.0,4.5
447.2,31.2
281.4,363.2
52.2,203.7
136.3,24.7
266.2,451.6
265.6,370.1
135.7,19.9
127.0,45.2
36.8,124.0
257.9,434.1
14.4,112.3
248.8,400.6
288.5,377.0
413.5,51.5
312.1,405.1
456.2,53.5
413.4,10.4
259.0,341.7
401.8,24.5
266.4,415.1
382.4,45.5
139.6,43.1
255.3,360.7
233.3,351.9
295.5,416.4
241.9,431.2
10.1,157.3
129.8,75.4
256.0,368.0
72.8,29.7
41.9,163.1
266.8,457.1
281.1,389.2
204.8,424.2
48.1,153.7
86.0,60.4
249.4,434.1
305.3,441.6
111.2,32.1
270.7,435.8
65.1,30.5
267.6,361.3
395.2,27.7
392.1,61.9
409.0,63.2
245.6,362.2
261.5,385.2
247.8,403.8
294.1,427.0
39.3,139.1
27.5,118.8
3.2,142.0
122.6,57.7
234.5,414.4
150.6,39.7
113.6,34.4
306.4,442.2
204.8,334.6
407.0,43.5
318.2,387.8
440.0,-6.0
280.4,355.5
133.1,53.3
397.9,7.5
271.2,400.2
133.6,62.0
241.1,396.3
252.8,409.6
74.9,139.0
247.0,396.6
-12.3,168.2
122.1,41.1
260.2,434.0
206.8,400.0
106.3,28.9
267.9,393.3
29.1,128.0
294.3,414.9
135.7,0.4
401.4,0.9
269.7,405.9
267.9,296.7
391.7,62.5
48.2,114.6
3.1,160.2
271.4,397.3
388.8,16.4
89.6,35.2
-3.2,144.7
452.4,55.4
295.6,389.5
277.1,400.7
271.1,383.5
72.5,10.8
286.2,392.9
236.9,370.2
250.4,378.2
30.5,124.3
24.8,122.7
51.4,144.2
27.3,104.1
235.7,352.1
84.0,54.4
114.0,5.1
446.2,31.1
79.3,27.0
-31.8,125.2
152.9,3.4
304.1,360.4
436.9,49.7
430.0,67.7
404.2,43.2
54.3,169.1
231.1,445.2
305.1,419.1
403.3,32.8
254.1,370.6
272.3,402.8
224.7,417.8
414.7,20.8
300.2,406.0
276.3,351.2
264.6,413.5
284.8,350.9
451.2,13.9
406.9,52.6
416.2,79.2
96.6,2.9
118.4,35.9
13.4,167.7
28.4,136.5
429.0,58.2
101.9,36.7
243.5,351.5
272.2,337.1
279.1,349.0
459.9,5.5
262.6,366.7
41.4,137.6
465.7,48.3
119.5,-11.9
230.3,393.5
262.5,442.4
106.6,45.6
100.9,-5.0
460.4,29.7
269.7,410.0
252.7,349.5
94.3,23.9
79.6,16.7
370.9,49.2
268.5,392.4
428.5,2.0
95.6,131.0
412.6,40.3
242.7,354.1
63.0,28.5
152.3,20.9
405.3,21.9
108.2,-5.2
288.4,425.5
99.0,4.8
78.6,38.8
124.1,-11.5
252.0,384.9
474.0,26.0
225.1,387.7
21.1,188.1
277.8,430.2
287.3,369.4
37.4,141.5
222.7,368.0
244.4,376.7
24.7,168.8
246.5,376.2
52.9,158.3
406.3,25.6
137.8,36.3
102.1,43.1
398.4,6.4
19.8,105.1
32.9,96.7
403.4,-2.9
76.3,14.3
58.5,38.9
376.8,30.8
27.2,171.3
69.1,40.9
283.2,434.5
355.5,43.7
98.3,17.3
252.6,440.2
295.1,379.0
431.8,59.3
85.9,35.0
26.5,138.7
-35.4,132.7
122.6,60.5
287.5,421.2
100.5,31.5
-1.8,124.5
244.6,400.3
273.4,414.2
255.1,410.9
278.0,371.3
402.1,89.0
408.2,-20.2
228.9,348.3
451.2,23.4
110.4,31.6
392.9,97.6
273.0,352.7
43.6,118.7
110.3,57.9
281.1,404.7
418.0,60.8
246.9,430.4
29.6,167.8
34.3,141.4
133.3,52.0
115.9,47.4
22.0,118.8
267.8,379.1
265.0,362.0
68.2,60.3
46.2,142.7
28.0,155.2
273.1,406.6
60.9,151.8
251.3,406.5
298.7,427.9
-4.8,110.0
77.3,37.9
405.1,7.1
35.7,159.8
259.6,425.1
237.8,410.3
36.1,172.3
424.4,71.5
75.5,40.8
60.9,147.9
102.9,19.4
281.3,360.3
367.0,-3.2
433.2,-1.4
134.7,59.9
18.7,145.2
94.4,19.7
200.9,403.2
3.5,158.1
316.0,364.9
19.5,155.0
110.5,28.2
45.0,140.6
454.9,65.9
265.2,405.9
277.1,393.9
224.5,420.3
270.7,349.7
240.4,352.2
272.4,384.7
433.3,25.4
136.8,45.2
86.8,13.4
278.4,383.5
47.8,101.0
429.2,-4.9
75.3,5.8
43.9,133.8
343.5,28.9
400.4,66.8
250.9,402.5
400.3,-2.6
22.5,125.8
46.7,123.1
74.3,1.4
122.9,71.1
110.8,27.6
17.9,160.4
14.2,164.6
407.1,21.4
269.5,428.0
102.1,29.2
29.4,181.3
93.3,30.3
282.8,432.4
74.4,26.7
176.3,37.7
291.0,356.0
258.0,447.3
376.7,52.2
55.5,36.4
17.2,142.0
387.5,-10.6
224.9,367.0
107.4,183.5
42.6,159.4
62.2,123.0
262.6,352.4
243.5,338.6
16.1,108.3
307.3,391.5
95.2,39.2
256.4,400.7
383.7,24.7
-18.7,95.0
414.0,58.2
394.2,13.9
99.3,17.5
67.2,183.4
97.3,45.6
225.7,424.7
94.7,39.5
241.0,426.2
435.2,11.3
255.4,417.0
274.9,444.2
89.8,40.9
125.2,36.6
380.2,78.4
44.0,148.5
255.9,407.9
1.9,118.1
136.2,48.1
224.6,394.0
264.0,383.0
243.2,419.1
256.7,400.5
307.8,420.2
260.1,367.0
238.2,364.5
52.0,102.4
59.1,98.7
240.1,364.9
260.0,399.2
276.4,371.0
-17.7,140.9
65.3,163.8
46.8,136.2
9.6,218.7
106.8,23.9
264.9,380.3
81.2,-12.0
287.7,363.7
37.2,138.2
52.9,135.1
232.7,350.0
258.1,369.2
441.5,66.8
425.0,80.8
226.0,369.8
117.2,8.1
246.8,366.7
267.2,395.4
45.9,102.1
275.3,423.0
102.8,118.1
267.6,352.6
71.8,28.9
397.4,69.6
61.3,135.8
389.9,23.1
17.8,141.3
56.9,137.4
6.8,150.2
255.3,410.4
360.1,65.7
256.6,440.3
124.3,50.7
248.1,358.0
426.0,44.4
244.7,391.3
28.0,160.1
304.6,446.9
405.8,26.3
13.4,155.7
263.9,415.2
412.0,30.8
123.0,35.5
284.7,390.0
81.2,55.9
11.5,142.7
264.2,379.9
207.7,420.3
72.1,162.5
281.4,396.2
127.2,12.2
132.8,4.7
121.2,45.2
403.6,23.2
261.7,413.0
115.1,50.8
61.1,131.2
252.4,417.0
85.8,50.6
273.6,374.3
32.1,131.3
422.9,54.3
407.3,76.3
89.0,141.8
34.5,187.0
103.8,57.2
95.2,25.7
248.3,371.0
248.6,349.8
269.8,342.8
126.7,34.0
260.9,393.5
37.7,140.1
98.4,40.8
242.0,333.3
373.7,70.0
109.8,21.5
442.9,25.2
433.2,44.8
420.7,23.8
46.8,131.5
21.0,97.9
393.7,53.0
1.2,142.1
403.0,97.0
259.3,403.9
412.9,6.2
106.2,27.9
55.9,94.2
169.7,23.1
38.6,146.1
266.7,414.3
240.3,349.2
261.1,440.5
270.1,370.7
413.3,43.2
277.3,389.6
101.5,-3.1
256.0,404.6
54.8,107.7
9.3,190.9
256.7,418.2
251.1,328.3
61.6,147.8
63.9,143.6
10.8,118.1
239.8,407.6
415.7,94.9
264.2,340.5
239.8,390.2
427.2,29.2
239.7,373.7
254.8,380.2
144.4,22.7
27.0,161.6
34.0,164.9
306.9,388.0
42.0,126.9
245.1,371.2
57.4,141.8
-1.1,149.4
38.2,158.6
272.6,389.9
394.2,46.9
218.4,453.8
105.2,61.1
295.7,423.2
427.3,13.0
270.0,412.9
419.9,52.8
111.9,30.5
101.5,65.4
28.8,166.8
437.4,35.3
71.9,148.7
235.2,489.7
142.1,77.1
232.4,382.7
274.0,348.2
417.5,19.3
411.4,38.5
383.0,-0.5
131.4,0.1
392.1,52.3
89.1,22.7
140.4,87.1
97.6,4.2
100.1,51.1
96.0,20.5
36.9,137.2
121.1,74.2
433.8,-1.8
420.8,31.4
49.3,112.5
81.9,24.8
276.0,398.2
229.6,397.5
403.0,68.2
346.4,38.3
254.1,314.0
68.2,131.7
234.2,375.6
85.1,43.0
245.1,351.9
412.9,26.8
213.8,323.5
267.4,378.7
393.7,47.7
251.6,343.6
270.8,356.9
73.4,144.7
235.7,376.3
244.2,391.9
249.8,423.1
273.2,436.2
420.7,13.1
41.3,132.2
117.5,13.4
356.9,17.3
257.3,413.5
294.7,398.8
45.4,172.6
116.1,21.7
259.0,412.9
274.4,380.2
264.8,364.2
30.0,148.9
48.7,153.5
146.4,34.8
22.8,137.0
48.1,167.7
293.5,417.7
385.9,29.7
425.0,13.4
100.0,66.4
421.6,54.4
261.3,399.3
292.5,394.8
24.5,137.0
406.8,82.5
139.4,23.2
282.1,373.9
59.4,126.6
33.4,26.2
-8.8,132.6
9.2,168.5
259.1,340.3
255.8,386.4
29.4,171.2
262.6,359.7
32.9,117.8
50.7,161.5
297.9,356.6
274.1,405.5
268.7,393.1
84.5,53.3
262.9,386.4
291.2,367.2
93.9,39.4
421.3,21.6
272.0,390.4
-3.4,154.3
277.6,424.8
47.4,147.9
253.0,408.3
420.1,68.2
23.0,119.7
18.9,111.7
237.2,412.4
9.8,166.5
389.1,-3.4
243.4,384.2
51.5,158.4
239.9,350.3
17.7,124.9
243.7,340.4
239.0,428.9
273.9,389.2
234.0,329.5
255.7,316.8
28.0,137.1
400.9,86.7
92.1,63.3
25.6,162.6
229.0,384.8
58.8,154.8
418.7,6.2
421.2,-8.0
60.1,166.6
439.0,17.5
62.1,97.0
-29.7,143.9
230.6,318.0
283.9,399.0
243.1,411.0
45.0,146.4
292.9,432.3
41.8,165.9
122.3,4.5
280.1,356.4
88.5,21.7
36.6,143.2
43.3,177.7
127.1,-4.8
122.3,67.5
251.4,396.9
274.8,451.3
18.4,115.4
251.3,379.9
379.3,29.6
61.3,148.3
245.6,358.5
59.4,141.0
292.8,381.7
4.5,138.7
23.1,134.0
255.1,417.9
65.2,117.9
104.1,13.5
40.2,140.8
271.0,406.7
5.0,175.4
301.8,378.2
286.6,438.7
268.5,344.3
255.6,351.5
27.2,117.4
242.6,410.9
390.3,44.8
241.8,434.3
53.4,99.5
104.7,66.4
115.5,37.0
415.3,32.0
30.9,143.1
15.0,144.6
239.0,399.0
271.4,382.5
277.2,353.7
250.1,367.1
279.3,485.3
116.0,41.4
272.2,399.7
247.4,399.0
56.4,141.7
376.7,53.6
75.1,46.8
433.4,60.6
259.9,391.4
232.0,337.9
262.7,386.3
412.2,30.1
398.0,91.8
349.1,56.8
234.2,308.7
252.7,379.2
9.1,159.7
267.9,392.2
412.5,33.3
283.0,394.9
220.1,314.9
459.1,2.7
232.4,373.6
233.9,402.1
270.7,396.4
226.7,363.7
148.3,70.1
261.7,382.3
263.8,374.0
275.5,430.3
4.7,139.4
444.3,69.8
419.9,16.3
463.4,63.2
264.3,414.4
270.9,392.7
20.5,227.9
21.0,174.7
69.1,130.3
280.6,416.9
46.8,31.7
126.2,8.6
417.1,51.0
248.5,406.4
88.9,65.1
58.1,121.7
273.3,396.7
48.1,159.0
124.7,53.2
320.6,368.4
403.0,20.3
394.8,43.3
87.9,46.7
72.8,173.6
286.4,460.3
246.6,369.7
110.1,16.4
50.1,157.5
322.8,396.0
-0.3,141.3
27.6,132.5
88.8,10.1
117.7,81.1
224.1,409.1
266.5,388.0
399.0,-7.0
411.1,15.8
12.3,131.7
430.6,38.2
51.4,124.1
271.5,362.8
57.6,154.9
270.2,422.4
103.5,43.7
38.2,98.0
262.6,394.8
464.8,29.4
216.2,329.1
14.6,130.1
29.5,159.8
113.8,56.3
264.1,406.9
224.3,418.6
237.4,414.5
387.9,20.2
380.6,15.2
405.3,35.4
385.5,60.1
442.8,52.1
297.7,384.4
418.0,61.5
423.2,21.5
273.9,384.9
288.1,391.7
394.9,10.0
234.2,373.2
106.4,34.5
103.3,34.8
86.6,145.8
269.8,477.0
432.8,7.2
39.3,156.6
283.9,439.6
259.9,370.8
46.8,147.4
102.4,26.7
402.0,48.8
68.5,149.4
441.8,61.0
75.7,123.0
245.4,358.2
405.0,70.8
97.2,41.3
382.8,34.5
271.2,383.6
438.9,54.7
-8.2,153.7
269.9,376.7
-4.6,156.5
112.5,-11.9
69.5,156.7
254.3,412.9
148.5,65.7
266.3,386.0
227.2,392.8
88.1,49.8
74.0,62.5
30.2,148.9
56.7,33.6
79.5,44.4
63.7,180.1
41.3,139.2
82.1,34.0
291.5,347.4
415.2,45.1
73.5,165.7
423.8,38.9
207.4,406.6
99.7,1.1
380.5,45.2
387.1,19.8
423.0,58.6
404.2,44.8
273.2,392.7
160.1,72.3
9.3,133.9
11.3,164.0
234.1,377.7
411.4,57.3
261.3,402.0
86.6,48.4
281.6,388.5
130.3,75.8
267.3,338.8
279.0,314.6
129.3,29.0
390.8,-1.1
112.6,181.4
56.8,49.5
242.1,371.3
386.5,50.3
35.4,116.6
42.8,181.4
30.3,78.7
259.8,408.3
96.2,53.4
88.8,67.2
239.2,397.8
245.6,411.8
266.0,375.5
77.1,42.2
286.1,419.6
411.3,78.9
87.9,52.2
133.2,78.0
264.3,358.4
381.5,25.5
275.2,400.3
227.4,418.8
202.2,394.4
419.2,33.6
222.0,366.0
194.6,400.6
232.7,392.4
252.8,417.8
121.8,28.6
114.2,30.6
56.9,151.4
90.2,55.0
218.3,381.8
136.7,12.8
339.3,1.0
432.6,26.2
381.7,20.2
258.1,339.8
42.6,153.7
37.3,171.2
72.1,51.2
413.7,19.6
382.1,71.9
30.1,171.2
239.0,355.9
398.1,36.7
82.0,112.8
49.1,113.1
229.5,362.1
250.5,388.8
288.6,402.3
411.8,52.2
277.5,328.3
123.6,78.5
358.5,19.7
289.3,453.6
34.1,110.4
140.2,60.0
224.9,395.5
117.1,49.4
273.9,340.2
269.4,374.7
29.0,145.5
209.5,360.7
234.7,349.5
258.6,442.7
246.7,352.0
435.2,9.2
262.6,422.9
42.2,136.5
114.7,2.2
332.3,377.1
49.6,155.1
49.1,195.1
222.6,350.9
133.2,27.1
323.2,377.0
308.8,356.6
257.2,363.6
276.3,349.7
414.1,73.1
258.2,413.9
254.1,326.0
117.9,51.9
446.9,77.1
23.2,125.8
37.7,197.6
231.5,386.1
440.3,6.8
37.5,158.5
138.1,37.0
436.2,58.0
30.1,104.6
284.4,410.6
124.2,21.8
118.1,7.3
89.0,-4.3
219.5,408.6
225.5,383.3
271.0,379.0
131.2,66.5
310.2,386.2
131.9,33.1
-9.2,125.8
65.4,140.2
89.4,44.0
32.3,149.3
282.1,444.1
40.2,186.0
247.8,351.3
10.4,121.2
244.3,384.2
425.2,46.3
4.6,204.2
210.2,350.7
243.0,426.2
455.8,6.2
96.8,38.1
466.2,4.1
268.1,409.2
276.5,385.3
240.1,370.0
247.6,371.7
120.9,46.8
75.6,154.3
80.8,44.0
34.7,131.7
285.6,415.3
251.7,418.0
60.0,180.4
239.1,362.8
40.8,137.2
132.6,33.6
81.8,120.2
403.4,-8.8
114.7,26.1
45.7,182.3
52.4,145.7
246.8,330.7
96.1,8.4
110.3,39.3
327.9,398.0
243.6,346.8
258.9,418.4
112.8,71.2
252.9,354.0
31.6,128.5
309.1,404.2
225.8,439.4
390.7,47.8
71.2,118.2
64.3,123.3
144.2,44.8
421.4,25.0
238.4,372.0
105.8,7.4
35.0,124.4
273.1,386.9
281.0,420.2
401.9,51.7
82.8,39.6
246.9,349.2
254.3,415.9
223.6,375.4
289.8,346.5
319.1,390.9
129.4,-16.8
400.2,34.0
52.4,128.0
257.4,407.8
21.1,130.7
257.2,338.1
111.3,41.9
131.0,10.1
403.0,12.7
12.1,107.2
16.3,121.3
255.4,376.4
114.7,57.7
250.0,384.3
76.1,142.1
221.2,336.6
123.6,-22.1
234.2,410.6
245.7,341.9
356.9,58.1
251.9,361.9
106.4,30.5
52.9,145.7
405.3,51.4
258.9,376.1
284.0,361.7
38.4,176.9
262.8,373.3
273.6,416.4
248.7,414.0
88.4,30.8
410.8,-0.1
278.6,370.8
427.9,50.8
127.5,56.6
254.4,400.5
341.7,413.5
226.6,373.2
138.0,34.8
254.9,383.4
2.5,143.9
283.6,399.8
70.0,101.2
118.1,7.5
237.2,365.7
257.9,397.4
428.4,51.6
279.9,366.2
46.2,175.7
101.4,40.8
260.1,397.7
250.3,386.6
143.4,28.2
273.2,422.4
-25.7,168.8
283.3,431.5
249.9,371.6
394.0,-8.6
401.0,25.2
120.1,15.8
330.2,446.5
383.7,51.5
299.2,445.4
408.4,44.1
389.4,19.9
289.2,404.7
421.1,17.8
141.1,25.8
277.7,370.6
97.9,56.8
104.8,6.6
86.4,29.5
97.5,67.7
408.3,28.8
433.7,15.3
232.7,379.9
140.2,21.0
21.3,98.3
235.3,352.6
380.4,21.2
312.6,395.1
266.0,390.5
132.3,41.3
132.9,56.5
386.2,-2.2
273.9,421.5
273.8,398.8
42.0,109.4
89.0,56.0
16.7,145.2
109.2,34.0
276.8,363.2
88.8,44.6
78.1,61.3
99.0,46.9
404.2,35.7
284.0,379.9
113.3,30.7
256.1,415.0
266.0,382.2
434.5,27.3
118.2,51.7
284.8,404.7
295.8,367.9
227.4,391.0
43.2,174.5
256.9,388.1
383.9,33.1
31.7,161.8
283.5,351.2
219.0,361.5
398.6,15.2
132.1,58.1
87.8,30.0
105.4,6.0
281.2,391.5
98.9,10.8
169.4,307.6
208.9,396.8
109.6,26.1
115.7,56.2
243.2,401.7
403.7,51.0
220.7,420.4
88.5,53.9
235.4,408.2
171.5,65.4
223.1,388.8
286.8,445.6
219.2,358.1
225.7,400.9
406.6,22.9
36.5,116.5
56.9,120.0
51.8,176.7
70.7,136.5
292.6,415.1
77.7,156.4
292.3,356.2
266.7,430.5
46.7,176.5
429.2,64.3
282.3,372.1
264.0,417.4
-2.4,155.7
238.4,344.7
385.4,68.5
303.7,396.7
37.8,149.8
416.9,20.9
62.6,146.5
242.6,404.0
144.2,36.1
265.6,438.5
236.0,413.0
26.7,183.1
53.0,113.7
69.6,187.4
271.2,436.7
403.0,61.7
239.6,425.5
32.3,124.8
69.1,103.4
280.4,428.5
46.4,159.5
252.8,386.1
270.4,396.4
114.2,37.7
221.6,410.6
112.0,56.5
220.5,410.3
241.4,365.7
268.7,420.3
414.4,15.0
383.3,8.1
60.1,27.4
140.0,43.0
13.5,139.8
-9.4,139.8
384.7,77.0
267.4,298.3
424.0,54.8
99.1,161.8
252.3,382.4
436.0,66.9
273.8,386.0
288.8,387.7
268.8,415.0
59.3,119.0
59.7,173.9
120.2,45.6
407.0,66.0
12.6,148.2
62.1,144.5
441.4,60.1
239.3,365.5
106.9,65.6
106.8,3.9
69.0,113.5
444.0,19.3
88.1,20.7
228.0,405.2
416.4,40.0
277.8,371.8
431.5,30.1
308.5,388.9
55.8,125.7
99.4,44.1
282.3,439.4
116.6,-1.6
270.5,352.6
395.1,34.4
233.3,357.3
19.5,118.6
247.1,353.4
53.5,197.3
190.2,395.9
465.5,30.7
74.0,40.7
33.2,112.7
271.0,443.8
268.3,407.0
385.4,63.2
208.0,396.5
445.2,38.7
423.1,49.1
107.8,22.5
425.6,20.3
299.9,388.8
268.0,371.5
314.4,441.3
100.8,79.8
220.9,355.4
311.5,420.1
24.6,135.8
397.9,31.6
137.5,37.5
253.8,428.2
40.4,136.2
393.3,52.7
264.7,417.5
417.7,3.9
429.0,49.2
311.6,398.9
217.1,402.3
268.0,424.7
406.7,70.9
282.6,391.5
11.5,146.3
274.2,381.2
68.4,12.0
240.8,403.2
395.2,68.9
31.2,181.6
240.2,424.9
90.6,-8.0
17.9,162.4
28.9,162.7
280.2,392.8
223.6,371.6
50.2,151.7
265.2,442.1
272.2,396.9
231.1,379.1
384.3,27.3
224.1,426.7
304.1,428.9
406.4,70.6
106.8,60.5
232.3,385.3
251.0,424.7
109.5,33.7
24.5,166.6
45.4,123.5
447.4,64.6
263.3,403.6
273.6,438.5
435.1,18.9
239.2,378.9
248.0,385.4
407.5,97.8
263.5,400.3
484.1,59.7
14.5,129.1
285.3,399.4
261.6,403.6
365.3,63.7
276.5,362.9
215.6,344.6
82.3,18.1
284.4,417.3
97.4,62.6
265.9,426.8
259.2,395.1
287.4,410.0
269.3,372.0
66.1,147.3
239.7,334.2
396.6,89.8
280.1,381.2
280.9,362.9
283.3,380.0
210.2,414.6
12.3,143.8
7.0,140.0
119.9,38.6
416.3,40.0
126.0,25.6
249.9,409.3
289.0,379.5
110.6,67.5
402.6,-11.4
33.6,183.5
40.6,142.0
83.4,34.6
48.0,136.5
108.4,77.5
407.5,39.4
253.2,334.9
388.8,39.7
428.1,26.1
299.9,368.6
255.7,355.6
29.1,116.1
72.5,116.4
392.4,77.3
450.3,81.3
141.0,25.1
373.9,79.5
385.2,27.1
261.2,385.3
236.1,430.2
286.6,379.7
202.4,389.2
284.0,396.3
262.6,382.0
239.1,370.0
80.0,10.0
237.8,325.6
112.5,19.7
93.0,60.1
414.3,71.6
57.0,158.4
134.7,-30.6
398.5,42.0
77.9,72.0
47.8,195.5
238.7,412.4
394.8,40.5
398.5,91.4
93.7,56.2
111.0,36.6
248.8,407.3
29.0,133.0
38.2,144.3
230.1,403.6
49.1,136.9
1.7,82.0
106.4,49.3
398.8,65.1
85.9,39.2
217.5,349.4
272.7,368.1
101.5,6.9
-0.5,132.9
292.8,398.7
383.9,-29.3
237.8,411.8
418.0,27.1
54.4,181.1
251.8,426.4
49.2,136.6
366.6,83.6
50.3,126.8
280.7,369.3
428.9,39.7
22.4,147.1
210.0,416.8
281.8,399.2
451.3,-9.3
127.7,15.6
72.9,84.5
279.6,383.1
15.8,179.2
66.0,130.3
94.1,169.6
267.2,412.3
423.5,39.4
110.7,61.9
254.6,420.0
62.6,160.9
22.4,106.7
302.5,425.9
253.4,431.5
303.7,370.2
297.2,395.5
126.3,13.5
309.7,385.8
129.2,36.0
272.9,439.6
242.5,362.7
410.7,29.5
455.2,27.2
45.3,127.6
258.4,413.8
55.6,164.3
393.2,50.2
278.2,412.3
81.4,18.4
55.7,173.1
227.1,442.3
118.5,53.7
404.6,39.4
433.5,66.0
277.1,351.7
214.4,364.2
294.6,345.0
423.8,40.4
106.3,34.0
399.8,24.2
46.2,110.6
16.6,87.2
228.4,376.7
93.2,81.5
95.0,42.6
6.8,182.3
265.5,363.2
415.6,29.0
28.1,167.6
401.0,55.6
44.3,148.5
263.7,394.3
98.0,104.5
109.4,52.2
73.7,151.4
281.4,397.6
251.8,398.1
282.8,330.8
124.0,79.7
415.4,74.0
32.8,98.9
253.1,406.2
276.6,412.1
266.2,395.0
71.3,79.7
321.7,412.6
273.0,407.9
409.7,27.9
27.7,132.4
36.6,193.0
157.5,31.7
34.3,122.6
258.9,431.2
118.4,13.3
95.6,94.6
230.2,440.7
234.2,441.8
399.7,14.2
22.6,146.9
105.0,13.0
14.5,128.0
100.7,167.4
251.1,358.6
258.2,348.4
44.5,133.4
283.9,407.3
118.6,-14.8
285.7,374.8
412.9,2.1
272.1,388.3
159.0,54.6
262.9,397.2
291.7,411.9
48.5,121.4
352.4,401.4
428.9,24.5
70.5,23.9
276.0,362.5
85.2,59.7
457.8,94.4
281.9,387.5
132.1,39.8
230.2,365.7
260.5,406.7
354.5,34.6
15.1,149.6
282.2,372.4
77.3,14.0
84.6,48.7
75.8,1.9
411.6,81.3
248.7,408.3
226.5,415.1
-15.5,138.2
293.7,417.6
305.2,433.6
264.0,440.2
219.6,423.2
236.6,333.9
85.0,138.6
451.1,70.1
36.2,128.9
272.1,380.3
30.4,130.0
44.1,140.3
233.9,401.5
394.7,76.9
291.1,408.1
236.6,393.9
297.0,402.9
69.5,126.7
264.9,353.7
84.6,86.9
89.1,56.2
255.2,424.3
294.1,403.5
49.6,156.4
257.8,375.3
227.2,401.0
251.0,400.7
11.0,170.8
53.1,122.2
263.0,386.5
106.0,43.3
302.4,379.5
283.7,379.9
454.0,-4.8
93.3,74.5
241.6,382.2
292.8,421.0
49.5,124.7
53.9,108.2
104.9,58.6
31.7,126.1
440.1,60.2
414.4,30.1
258.8,418.7
279.4,422.0
255.3,406.9
250.2,341.6
135.2,27.0
65.7,157.8
264.8,432.7
259.0,386.9
0.2,108.4
235.8,384.2
418.3,40.4
39.2,168.5
17.2,124.5
274.1,411.0
28.2,162.8
70.8,42.1
10.9,207.7
4.4,165.1
240.9,381.6
82.3,53.7
121.2,45.0
285.5,396.6
79.9,150.5
87.0,60.4
269.9,417.0
77.9,9.8
290.6,398.6
257.7,418.3
416.5,18.1
445.3,54.7
267.3,386.8
32.3,189.5
414.3,11.0
250.7,337.8
266.9,371.6
131.1,36.0
303.8,415.6
403.9,43.2
59.8,144.5
378.6,59.7
1.3,137.3
94.4,72.7
108.7,42.5
232.6,378.6
270.5,423.8
85.9,58.1
412.6,25.0
270.8,404.2
430.3,2.7
73.8,192.6
264.1,425.6
127.2,32.2
402.4,17.9
92.6,35.1
-9.0,153.5
416.6,11.5
339.1,-0.4
220.0,450.8
48.7,178.6
27.9,142.6
31.8,105.0
278.7,390.7
109.7,-26.6
409.7,105.9
254.6,390.4
266.8,383.9
404.6,72.2
81.6,46.5
394.3,36.7
362.1,41.4
264.4,373.7
68.8,99.2
109.8,-1.5
73.0,-28.5
-19.0,126.9
376.3,46.3
56.4,140.9
288.8,426.3
59.8,124.5
298.9,469.2
80.3,28.7
421.2,23.3
267.4,427.9
263.4,440.8
29.5,181.2
5.4,133.6
431.3,2.4
290.3,386.0
162.1,96.9
439.5,34.8
329.1,430.2
264.8,378.7
19.5,142.9
283.1,432.2
260.0,376.0
234.6,424.6
277.1,410.8
169.9,41.7
401.8,81.3
398.6,67.0
248.8,394.6
96.4,28.3
100.6,46.5
186.5,-7.3
6.2,165.2
251.5,380.1
232.0,361.1
233.6,387.2
69.0,50.3
265.2,393.5
43.3,164.7
90.0,61.7
203.8,359.6
94.2,14.5
278.2,397.5
297.2,397.9
28.3,116.4
407.0,18.4
90.9,28.8
255.1,353.0
146.5,20.9
63.7,49.1
429.7,38.7
280.8,398.1
204.5,397.4
262.2,384.5
42.8,107.3
123.7,72.9
45.5,126.3
419.2,5.1
48.1,158.9
72.9,12.0
-10.1,110.0
257.7,429.3
298.9,420.1
254.6,431.6
283.0,421.7
276.1,432.3
137.9,53.7
272.0,368.4
246.0,424.1
266.4,431.9
271.1,396.0
94.3,10.4
402.4,38.1
262.1,370.1
25.4,163.3
80.4,-0.6
134.5,31.3
36.1,151.1
58.4,139.6
83.7,14.9
113.1,22.9
54.1,142.1
429.5,47.0
79.3,150.4
267.6,426.4
92.7,50.8
258.9,380.8
426.0,56.9
255.2,387.3
456.9,12.0
63.2,108.9
78.5,28.0
262.7,378.1
106.8,8.4
249.4,368.8
258.4,421.0
282.6,357.5
256.3,374.7
249.7,344.3
89.5,56.0
116.8,4.4
169.5,56.8
432.4,33.3
55.4,176.3
22.7,177.3
248.3,457.0
277.0,403.3
97.1,47.2
261.6,354.9
299.3,386.3
270.4,404.4
38.5,127.3
435.0,22.8
232.1,366.5
221.2,364.0
385.3,35.8
256.9,412.6
382.7,91.7
284.7,435.9
260.0,379.4
25.5,130.7
89.4,25.8
405.9,-5.5
260.9,428.0
224.6,351.9
109.2,81.1
111.6,78.2
226.9,365.9
403.1,70.0
249.4,369.5
412.0,20.4
63.4,24.0
229.4,350.2
394.4,62.6
41.0,159.0
-14.8,137.5
434.7,11.4
402.6,6.7
65.6,128.4
421.9,45.2
87.1,123.2
122.6,50.1
-6.4,199.0
84.3,38.3
387.7,21.4
281.1,499.4
236.3,387.6
246.4,398.0
445.0,36.5
216.6,384.6
250.8,350.5
133.3,18.6
265.7,366.4
132.8,66.6
26.5,113.4
235.6,424.4
59.0,137.1
64.4,26.3
110.4,40.5
392.1,18.1
122.3,18.4
26.5,147.2
65.8,17.7
82.7,48.3
100.6,19.4
106.3,19.8
256.2,438.2
280.9,441.0
282.8,401.6
415.7,1.2
240.5,418.0
136.0,36.9
237.9,398.2
405.0,97.5
126.9,61.5
98.1,64.8
251.4,405.5
8.2,171.2
259.5,397.7
246.8,346.5
282.5,411.8
-7.8,146.7
44.4,155.4
268.6,410.2
20.5,173.7
293.6,410.7
5.8,121.5
234.8,380.8
242.8,349.1
247.1,389.3
450.9,49.7
33.1,142.8
290.3,361.3
426.7,66.9
24.0,173.1
2.8,219.5
99.9,81.1
96.3,55.2
430.6,65.9
243.7,377.9
395.7,36.4
267.9,382.3
115.7,-21.7
120.1,53.8
437.3,71.8
102.9,36.9
26.2,107.9
285.5,337.3
111.3,29.9
271.8,425.9
283.6,403.2
298.4,343.6
396.2,-7.7
80.5,10.4
130.9,51.5
396.9,73.5
270.7,424.5
49.8,142.4
437.1,70.3
251.4,374.6
425.5,37.5
8.7,190.3
67.2,-5.0
107.9,12.3
261.6,373.6
250.6,370.3
245.5,396.4
13.8,153.1
105.4,12.9
290.0,423.6
281.2,439.2
80.6,42.3
433.1,46.9
21.0,109.9
244.7,373.2
59.5,155.2
292.9,389.2
109.3,73.2
413.6,82.8
267.0,379.5
286.7,438.9
57.6,204.4
59.9,160.3
51.5,146.4
125.1,53.7
24.3,145.9
223.5,409.5
82.3,31.1
292.9,375.1
58.7,139.2
272.1,382.1
113.0,38.3
258.8,390.4
250.3,319.8
34.4,98.7
13.4,139.0
7.1,132.9
63.2,38.2
60.8,103.1
416.7,57.0
417.3,19.3
289.1,415.5
265.3,389.4
74.7,43.8
126.1,29.0
288.7,429.9
143.5,3.5
244.3,400.7
213.0,390.9
259.5,424.7
50.8,131.7
114.2,79.5
277.5,394.0
52.1,113.6
425.1,50.2
212.7,360.9
114.5,35.6
112.7,32.0
92.6,57.8
269.3,371.2
265.1,408.6
439.0,52.3
4.3,117.9
78.3,123.0
15.6,123.3
264.3,396.4
263.4,355.9
446.2,75.0
287.5,410.0
47.5,165.6
299.6,408.9
281.2,363.8
281.9,386.4
79.0,23.0
57.1,99.2
276.0,348.4
315.6,398.4
30.9,122.8
68.3,174.9
32.1,82.2
34.4,112.3
44.5,142.1
36.3,181.0
256.2,351.6
256.7,387.3
272.0,380.2
300.5,422.9
10.0,163.8
64.5,154.9
139.4,55.4
245.9,359.2
262.3,352.5
18.3,167.9
91.6,75.7
41.0,187.9
249.6,388.8
398.3,30.6
291.9,361.2
87.7,24.2
377.2,46.5
237.2,402.3
363.3,27.2
412.4,56.7
223.2,341.6
121.0,39.5
272.0,415.7
44.3,117.5
75.8,-0.1
276.4,430.6
4.0,146.5
291.5,453.4
267.4,342.9
378.8,48.5
262.6,404.9
429.1,48.1
425.2,31.1
63.0,63.7
266.7,417.8
392.0,42.9
34.8,151.4
111.4,-17.3
287.2,406.0
271.4,428.5
383.4,16.5
28.1,150.6
422.4,42.0
115.4,35.3
420.1,29.9
251.5,392.5
128.6,26.1
252.1,399.1
254.1,404.2
255.0,411.5
135.4,38.7
245.6,401.4
303.1,423.3
97.4,60.3
17.1,122.9
406.7,33.4
227.2,375.7
388.0,52.0
70.2,68.5
434.1,24.3
250.2,418.1
259.0,368.1
420.2,-16.1
276.7,381.8
290.4,339.7
122.4,37.6
230.8,360.0
95.6,30.9
305.2,409.9
271.8,435.6
90.8,13.3
76.8,1.6
429.7,23.2
251.6,376.8
257.9,349.5
431.9,20.1
274.2,397.7
287.2,408.6
398.9,49.0
247.6,396.1
108.7,28.9
57.6,140.7
363.3,63.2
101.4,66.9
390.2,38.0
82.2,155.9
388.5,37.5
5.1,134.8
299.2,417.8
423.5,52.2
232.5,370.3
437.3,31.1
2.2,141.6
61.2,55.5
48.1,89.2
28.5,125.8
274.1,426.6
93.6,76.7
281.6,403.1
-13.8,151.2
395.6,24.3
244.6,392.0
243.9,454.9
403.2,62.1
420.4,75.5
119.6,37.9
266.3,405.0
289.8,416.1
223.4,377.5
231.0,408.0
101.0,-15.7
82.0,21.6
260.5,427.9
383.0,71.9
74.4,10.5
395.6,74.6
366.3,56.5
146.5,46.3
41.5,152.8
348.7,28.7
416.7,39.3
220.0,403.2
263.1,364.3
34.5,130.8
244.8,395.6
100.6,34.7
57.5,175.4
469.2,43.5
17.8,113.7
9.9,164.9
44.7,130.4
279.9,350.1
125.3,69.1
47.9,146.0
433.0,67.9
183.2,369.5
269.2,420.8
84.0,35.3
32.1,170.0
313.1,353.5
389.2,29.4
48.6,149.8
226.4,416.9
267.1,470.7
25.6,185.4
16.5,134.0
402.0,81.3
316.4,355.7
244.1,440.4
39.2,162.7
361.0,22.5
407.5,26.3
227.4,378.8
275.5,332.7
410.3,54.1
267.5,398.1
274.2,409.7
273.0,381.4
261.2,388.8
276.7,424.1
267.0,387.3
241.9,352.6
25.2,150.4
41.0,140.1
414.8,91.0
245.2,400.4
219.8,444.5
242.5,450.1
33.7,143.4
31.8,155.2
270.7,402.6
386.8,29.6
310.9,442.3
107.5,103.4
252.5,323.8
265.3,380.5
119.4,29.9
45.8,183.9
241.5,398.2
397.0,11.2
107.7,26.1
436.4,57.2
254.0,396.5
247.8,435.3
135.3,17.0
58.7,172.9
285.7,422.2
258.6,355.1
422.7,58.9
247.8,433.8
290.7,403.4
263.3,377.6
81.5,45.6
72.6,147.4
428.0,5.3
116.6,65.6
284.8,415.8
211.8,389.7
267.3,347.7
124.5,22.7
384.0,62.7
258.0,381.5
422.4,40.4
106.9,-10.9
405.6,62.1
277.6,386.8
280.8,362.0
392.7,78.4
304.1,492.4
130.4,15.0
268.7,375.8
422.0,55.6
260.8,424.5
371.0,22.7
94.2,36.4
74.5,-0.0
299.2,344.9
116.6,33.4
383.4,40.1
402.7,-6.9
249.8,404.3
56.0,96.7
39.7,170.8
232.5,379.0
19.8,122.9
395.0,59.4
409.6,24.8
268.3,382.5
30.9,128.8
289.1,346.9
362.9,32.2
392.3,22.4
122.4,21.7
60.6,155.1
254.6,412.2
92.6,14.2
144.5,36.4
244.1,379.5
238.2,382.0
381.7,53.4
49.3,144.8
415.1,19.1
102.7,-4.2
239.1,360.6
11.6,127.7
212.9,395.8
267.4,406.0
401.6,74.4
58.0,162.9
281.1,396.0
58.9,130.8
404.9,35.4
282.5,399.4
212.3,355.2
400.9,57.7
114.1,50.5
262.9,419.4
128.6,29.8
304.2,353.6
76.6,33.0
245.0,418.4
418.1,47.1
423.5,37.7
249.3,370.2
252.3,433.4
39.6,91.4
421.2,14.7
305.8,396.9
78.0,118.0
133.6,65.2
251.2,437.4
389.3,42.7
92.9,140.3
117.1,7.5
305.9,401.0
19.5,161.0
4.4,131.8
237.7,334.7
222.6,372.9
248.8,342.6
39.2,140.9
68.7,40.1
234.1,437.2
240.7,414.1
64.7,60.1
253.7,375.5
134.8,56.9
61.3,41.0
258.2,406.0
118.8,66.7
219.2,404.4
290.0,408.2
22.0,167.1
279.1,396.3
248.3,358.3
-0.4,132.6
128.1,6.3
426.9,60.2
296.9,412.7
413.2,-24.5
77.2,57.6
86.8,20.1
123.2,58.2
275.2,408.2
121.7,50.7
17.4,161.6
266.3,376.3
48.4,125.7
258.4,355.6
120.3,58.8
290.7,380.9
74.7,23.7
344.7,370.0
443.6,65.9
285.8,344.0
261.5,409.7
410.8,12.5
241.5,399.3
73.9,140.5
260.2,378.1
71.9,149.5
293.1,394.0
424.3,-4.6
226.7,361.6
103.4,150.7
403.4,67.5
226.7,411.1
254.9,344.7
282.1,413.0
437.1,58.0
253.8,379.7
235.1,341.2
394.0,64.2
84.4,30.3
-3.0,146.2
269.3,417.8
250.6,402.8
241.3,422.9
281.7,398.2
270.3,349.0
229.5,343.2
287.7,407.8
424.5,56.8
27.6,137.8
65.9,152.8
50.9,183.6
406.7,4.0
396.4,50.5
420.2,58.2
93.5,36.5
142.2,46.4
41.6,167.7
39.0,179.6
119.3,28.8
135.1,14.9
43.9,174.3
64.5,156.0
293.6,372.5
283.9,395.3
160.5,33.4
252.4,451.7
264.3,365.5
76.6,44.4
106.7,20.1
79.0,142.0
272.9,378.1
21.3,188.8
379.3,23.5
232.7,415.0
118.3,44.5
81.2,44.8
79.1,161.7
265.0,431.1
231.7,357.0
425.1,70.8
364.3,41.1
409.4,42.8
260.4,349.7
134.8,52.5
283.3,411.8
229.0,411.9
404.3,15.3
417.7,25.4
-4.2,98.1
-0.1,131.3
390.4,63.4
411.1,33.4
392.3,60.9
290.1,392.6
226.8,388.8
286.3,424.4
281.3,356.9
