126.4,216.2
496.5,38.9
384.9,15.9
230.5,178.6
457.6,209.4
17.9,159.8
293.8,2.5
51.6,393.7
215.0,305.0
454.8,1.5
258.4,188.1
388.9,168.0
253.6,199.1
466.4,453.3
119.0,477.9
357.4,156.3
453.7,245.9
51.1,262.4
377.8,458.6
332.8,208.8
168.9,250.8
248.5,61.8
453.9,344.7
132.0,220.3
184.8,388.7
193.2,97.8
29.9,139.7
336.3,244.5
373.3,148.1
227.3,103.3
154.4,231.3
265.1,402.2
405.0,31.6
332.8,155.0
120.9,435.0
266.6,435.5
233.9,98.5
291.0,441.2
64.4,153.9
150.0,169.4
195.1,358.3
499.6,328.5
24.5,261.3
383.7,479.8
394.2,161.8
9.8,74.3
325.9,13.1
361.0,413.8
388.4,101.1
397.6,343.3
66.4,185.5
52.7,322.5
323.3,120.8
374.4,112.4
393.1,42.8
285.9,37.9
14.2,230.5
273.9,341.1
304.8,49.6
330.9,210.9
362.8,418.7
437.2,156.6
295.0,385.9
67.8,419.7
471.3,194.0
254.0,197.7
349.8,88.1
148.3,112.5
412.7,37.1
121.0,436.9
206.9,463.8
359.7,11.7
446.5,162.9
441.0,1.3
463.9,395.5
378.5,249.9
227.8,281.3
100.0,143.5
128.1,429.2
282.9,134.8
148.6,70.6
277.6,345.6
429.8,178.8
408.8,124.4
267.1,262.5
330.4,298.6
247.4,271.6
147.5,173.0
376.4,0.6
76.1,231.0
481.4,171.7
154.5,257.9
231.0,390.4
365.5,313.9
330.8,255.2
250.6,71.5
56.1,286.9
40.2,178.9
400.9,327.3
62.2,213.2
117.4,133.2
335.0,162.6
41.1,361.3
6.9,255.0
247.2,141.6
183.2,259.8
494.8,192.0
415.2,203.7
288.5,439.1
253.2,350.3
477.2,268.9
439.3,216.2
389.6,438.4
255.1,2.7
197.3,254.7
354.2,329.1
90.3,402.4
315.7,126.9
345.9,493.2
483.3,190.0
339.0,408.4
259.0,378.1
254.3,73.6
137.5,22.4
211.2,14.0
473.8,200.3
399.8,64.4
74.6,197.3
140.1,324.2
151.6,259.0
60.9,265.1
200.1,71.4
479.2,279.8
447.0,437.6
376.5,342.0
376.2,426.8
236.9,52.7
302.0,283.0
173.4,201.2
449.8,15.1
178.2,3.1
136.3,470.0
50.5,494.5
326.8,119.8
395.7,285.8
92.6,40.1
416.8,198.7
372.5,176.0
479.2,395.0
350.7,145.9
76.7,17.5
239.4,450.3
413.6,277.9
195.3,363.1
334.4,170.8
370.9,369.1
463.1,401.6
370.7,218.9
324.7,50.8
349.5,371.6
34.9,290.5
466.0,305.4
147.5,275.2
340.9,182.3
306.7,160.9
290.8,215.7
444.7,442.3
332.9,308.0
427.7,247.4
189.0,129.3
303.2,468.7
301.1,6.7
208.5,285.1
161.8,306.0
280.8,36.7
89.7,349.3
486.1,24.3
45.6,161.7
496.8,412.5
51.5,193.3
22.2,288.5
275.2,471.0
457.7,108.6
422.4,239.7
22.0,415.8
40.3,297.8
157.3,408.5
293.7,446.3
257.1,208.5
51.0,220.1
51.3,367.3
23.1,255.6
449.1,247.6
75.4,173.9
483.5,151.7
391.8,228.6
68.0,155.9
254.0,38.4
458.1,118.2
7.7,115.2
49.1,337.3
334.2,96.4
388.8,384.5
447.9,284.6
240.0,205.9
416.6,417.5
468.5,356.8
486.7,177.3
367.9,251.4
229.5,42.9
238.3,297.7
58.3,64.4
158.3,472.7
328.7,434.6
470.3,448.9
464.7,263.2
411.7,364.2
156.6,66.8
190.6,491.2
68.7,353.2
174.1,223.0
10.3,231.7
390.2,39.5
417.5,286.9
158.1,390.0
367.2,12.5
156.7,480.8
307.6,112.8
408.7,68.6
167.4,204.7
247.5,130.5
320.7,19.1
49.8,316.6
490.4,357.2
496.3,70.3
168.3,105.7
472.9,183.8
474.8,329.3
261.2,31.4
63.5,342.7
124.9,171.6
30.8,34.5
498.6,195.4
412.9,19.8
106.8,448.6
55.9,41.8
331.4,124.4
438.3,291.4
81.8,332.1
392.9,355.6
47.2,166.2
75.0,126.6
90.2,150.6
168.9,220.5
261.0,343.3
18.7,363.0
204.3,477.8
85.0,197.4
262.0,424.1
426.3,148.6
454.6,257.1
482.3,442.8
76.3,48.8
117.3,187.4
0.0,487.2
54.6,479.2
390.4,190.3
278.4,461.9
237.5,388.9
191.8,487.7
467.3,170.2
229.7,87.2
360.0,54.9
66.9,495.6
132.4,292.7
293.8,206.1
407.5,298.7
334.8,457.7
16.6,341.3
479.8,120.4
411.6,424.7
46.6,175.0
497.0,169.6
414.9,227.4
412.7,51.1
47.2,352.0
230.0,415.7
124.5,429.0
43.1,307.8
466.6,111.0
372.3,370.7
243.4,92.0
312.3,336.4
489.8,172.1
449.4,418.1
137.8,79.2
361.0,209.0
110.5,241.1
13.7,312.5
135.0,117.9
121.4,88.8
359.2,448.8
406.5,231.9
375.8,257.3
26.4,304.1
288.7,326.7
462.1,213.9
273.4,367.8
222.5,449.6
79.4,310.7
317.7,340.0
448.1,121.9
445.1,66.0
167.6,377.3
335.8,116.8
354.4,139.8
473.4,221.9
270.0,8.3
404.1,52.4
264.2,226.8
485.2,455.5
86.8,301.2
109.8,275.9
108.5,18.3
275.8,261.2
407.3,68.7
483.0,204.8
51.5,146.4
255.9,487.6
91.8,67.2
68.1,265.5
468.7,105.2
316.5,210.2
209.8,406.3
28.6,253.0
48.5,73.8
459.5,269.3
453.2,137.1
267.3,483.7
107.6,220.8
344.8,324.9
332.7,125.8
461.4,295.4
112.9,241.4
320.5,410.0
59.9,51.8
54.8,225.9
191.6,75.2
373.9,149.8
54.2,236.5
89.6,317.6
176.2,70.4
281.5,172.1
18.9,414.1
152.0,254.1
280.1,6.5
410.3,251.0
180.0,185.1
222.7,149.1
481.7,168.7
351.9,310.1
360.3,356.7
68.0,353.7
264.9,462.0
58.0,206.1
49.4,380.3
283.5,464.9
16.5,255.2
222.2,103.2
345.7,242.6
146.6,487.9
86.1,107.1
499.9,340.3
180.4,444.6
310.7,219.6
366.5,68.9
305.0,68.5
27.4,302.2
235.9,367.5
106.3,279.6
189.9,445.1
417.5,274.5
97.9,207.2
74.2,153.3
391.6,188.1
190.9,497.6
482.9,332.3
85.2,337.9
311.2,352.7
418.8,473.8
226.4,319.2
224.4,320.7
402.3,42.6
229.8,212.2
140.7,370.7
1.5,146.7
319.2,43.1
385.6,62.1
374.3,192.0
110.7,112.7
183.0,75.3
4.7,221.9
147.4,119.2
291.0,479.7
165.7,132.3
453.4,105.6
326.9,197.7
65.7,52.1
55.1,91.0
259.0,368.8
173.2,331.9
292.3,492.7
369.9,487.9
386.6,129.1
20.8,360.3
361.0,92.1
88.7,472.4
3.2,197.6
353.0,388.4
219.6,474.2
374.6,204.2
57.7,451.5
385.8,338.8
404.2,161.7
450.1,445.2
219.1,495.5
348.9,263.6
114.5,84.8
249.6,491.7
39.2,368.3
35.9,225.2
456.1,67.7
336.6,215.3
114.3,72.3
59.6,33.1
251.5,19.6
305.2,210.4
71.1,30.7
428.4,257.0
200.7,103.5
288.3,496.6
66.8,420.2
266.2,38.7
252.1,65.0
166.5,21.0
379.9,107.7
472.3,97.3
393.2,349.5
39.4,309.4
355.0,223.4
71.4,201.5
43.4,455.7
319.7,183.4
290.0,276.1
429.1,35.6
54.5,223.7
376.0,320.2
305.2,43.3
426.3,378.5
44.1,242.1
14.7,494.8
344.2,462.7
297.5,9.2
479.6,280.4
201.1,394.3
25.6,121.4
381.3,111.5
106.4,100.2
141.7,353.6
202.7,466.0
124.5,129.5
471.8,468.3
182.3,234.5
448.9,174.6
326.5,265.0
52.0,14.5
328.5,466.4
125.3,187.3
379.8,77.4
398.1,498.5
252.0,383.4
257.9,235.6
360.5,68.8
378.2,273.6
403.7,75.3
393.6,165.5
349.7,384.3
183.5,8.4
437.6,354.4
254.2,393.0
470.0,30.1
158.3,372.6
451.7,267.5
144.7,325.3
421.9,457.7
475.9,216.0
305.9,344.7
234.8,73.7
336.4,420.0
356.0,363.4
246.8,447.7
75.1,115.6
320.8,96.4
239.4,101.0
415.3,410.8
46.1,490.3
193.2,435.5
405.2,329.1
332.4,200.7
124.4,332.7
327.0,125.1
425.0,471.6
99.4,61.0
225.0,19.1
215.3,322.2
313.4,250.1
17.5,20.8
51.0,156.0
351.7,413.6
441.8,289.8
363.3,286.1
387.3,230.9
30.9,113.8
91.1,477.5
182.2,303.0
268.7,301.5
113.0,215.4
423.4,405.3
61.1,42.8
244.1,157.6
120.1,201.7
106.7,309.4
22.8,56.7
356.3,290.4
2.7,441.8
454.0,443.4
226.1,154.6
79.8,137.6
375.2,237.6
428.5,490.2
313.5,109.0
140.8,445.3
331.0,102.2
225.3,412.4
115.5,69.6
159.9,19.9
6.1,456.6
432.6,12.8
339.0,163.7
170.5,128.2
303.5,106.6
231.8,312.4
323.9,382.8
75.1,261.8
439.8,467.9
208.4,120.0
139.4,127.9
9.5,5.2
114.9,142.8
253.2,215.6
435.5,439.7
186.8,41.4
100.2,319.6
447.0,199.7
384.0,120.9
390.9,314.5
490.2,165.2
31.6,81.6
45.3,357.0
265.4,423.4
266.0,396.9
390.9,127.0
293.6,426.9
19.1,387.1
242.9,131.4
26.1,192.7
177.6,183.0
214.4,222.4
308.7,33.4
200.7,179.9
361.3,428.0
63.9,69.6
28.7,215.9
484.3,247.9
314.3,447.7
81.3,272.9
232.1,56.4
416.1,422.0
214.2,415.6
219.3,479.7
494.0,244.2
103.1,137.7
429.2,138.1
40.5,88.4
295.1,432.5
142.4,29.3
490.5,119.1
363.2,110.4
26.0,466.0
88.2,157.6
15.6,395.1
164.1,332.1
408.5,296.8
199.3,246.4
138.2,157.4
361.6,370.5
258.6,268.0
360.1,165.6
191.3,259.0
99.5,238.4
465.0,479.1
186.8,471.4
50.3,458.3
367.8,129.4
463.1,374.5
361.7,447.9
224.6,390.2
280.0,344.0
239.7,86.7
251.8,7.3
401.0,253.9
104.1,264.7
268.2,391.2
141.2,487.1
26.9,167.2
190.6,467.1
374.6,113.7
379.8,240.3
375.3,12.6
136.9,48.0
490.8,116.2
151.0,173.7
379.8,467.1
51.6,232.5
61.5,93.2
452.3,406.8
11.9,119.9
322.9,351.2
263.2,436.9
173.2,320.9
365.2,400.1
148.1,215.8
290.6,179.0
395.8,76.9
324.9,268.5
349.3,316.4
130.0,119.5
497.0,481.6
127.1,418.4
203.8,441.0
216.7,423.2
175.7,8.1
158.3,340.6
347.7,14.3
286.9,249.3
452.8,23.5
265.2,243.0
24.1,453.6
133.7,147.9
224.9,360.1
323.4,259.9
304.3,242.8
365.5,6.5
444.0,277.1
347.1,328.9
236.6,459.6
261.0,240.8
455.7,149.8
46.0,26.8
479.6,247.5
158.4,221.9
186.5,10.5
369.0,451.4
105.3,374.6
418.2,269.6
433.0,405.5
357.0,436.6
123.6,132.8
164.2,485.9
462.9,482.6
366.2,215.6
7.2,37.2
286.8,232.0
30.7,449.0
459.5,416.0
216.2,492.8
369.4,106.2
249.7,422.3
271.8,164.9
329.3,15.3
188.6,89.8
123.6,165.5
103.3,228.8
25.8,187.9
219.1,119.3
117.6,211.8
273.2,81.3
355.5,8.3
60.8,330.4
429.5,464.8
284.0,230.0
334.8,215.8
43.3,18.3
401.8,236.8
257.5,109.1
421.8,333.1
432.5,418.5
16.5,396.6
264.9,82.3
321.8,42.8
236.9,406.0
178.7,237.2
47.7,477.4
461.4,64.7
419.0,112.7
425.7,133.6
448.1,245.0
333.4,390.1
454.0,468.7
182.1,116.1
435.4,1.6
68.8,218.9
448.0,186.8
79.9,389.5
27.1,353.7
291.4,184.1
369.5,461.6
103.9,127.8
155.1,22.3
478.9,42.2
96.2,495.4
48.5,148.6
260.3,400.9
29.5,60.1
58.8,204.8
245.5,199.7
488.2,473.4
443.4,307.6
317.7,443.9
456.0,343.7
419.2,256.5
227.8,278.5
110.8,220.5
442.0,22.4
335.7,28.0
26.8,369.0
496.2,7.5
165.6,135.4
373.3,260.5
94.3,308.4
492.5,82.5
65.3,258.6
475.9,201.5
24.4,211.1
316.0,364.0
344.6,278.8
155.8,226.3
89.4,177.2
349.6,344.5
109.0,52.6
80.6,329.9
113.9,371.0
253.3,345.2
494.9,163.2
426.6,4.2
214.5,412.7
158.1,262.0
304.9,140.8
175.5,211.9
390.1,475.7
293.4,311.7
261.3,333.7
246.8,418.9
119.0,451.9
433.3,118.6
99.9,225.0
27.1,28.3
74.9,447.7
100.7,454.3
405.9,75.5
314.0,350.6
436.3,347.7
379.5,33.8
234.7,165.7
163.2,202.6
304.0,416.3
178.7,232.2
71.3,435.7
427.7,127.1
218.3,98.2
377.5,298.2
408.6,218.2
152.7,339.1
62.8,77.6
216.9,136.1
488.7,109.9
414.4,251.5
233.2,260.6
26.9,495.4
65.0,449.8
457.8,451.5
196.1,448.1
196.7,209.2
395.1,320.3
147.9,140.7
66.9,209.7
284.9,84.3
498.7,210.1
136.6,314.9
95.6,356.0
295.3,211.5
285.7,329.7
201.2,42.0
74.8,70.2
135.0,380.6
93.3,357.6
12.3,406.2
377.6,51.8
328.9,388.4
271.2,369.4
238.6,52.6
207.9,105.6
3.2,20.7
28.7,380.5
452.7,71.2
368.1,352.6
362.3,62.1
190.1,300.7
247.3,454.0
254.9,42.8
24.9,134.0
498.9,116.0
218.4,108.7
174.3,384.7
416.1,47.6
134.6,75.5
105.1,390.3
417.4,124.5
91.3,243.0
87.7,284.0
101.3,378.8
90.8,481.5
192.7,311.2
220.8,70.2
290.7,217.3
259.5,314.0
11.1,383.0
371.2,132.3
434.3,423.9
220.8,325.3
280.6,288.6
155.1,276.5
352.5,419.7
325.6,208.5
449.3,92.1
276.1,250.2
101.5,153.7
118.6,411.1
453.2,341.0
414.5,19.4
84.8,389.5
58.2,335.7
35.8,349.1
284.4,202.5
219.9,420.3
180.3,19.4
477.5,203.4
92.1,254.7
370.3,293.0
254.9,117.9
81.1,202.1
170.5,428.7
6.6,301.4
237.6,178.6
27.1,103.7
89.7,42.6
420.3,35.2
84.7,374.5
61.9,377.0
381.0,459.8
468.6,130.5
454.2,107.5
415.7,245.4
10.0,124.6
355.1,118.9
41.0,238.5
186.9,352.2
314.8,398.4
122.0,247.4
142.3,45.5
164.4,349.2
352.0,307.4
276.8,255.3
446.7,213.6
202.4,475.5
272.7,321.0
81.2,183.3
19.8,161.9
70.0,250.7
208.7,306.6
286.1,129.5
384.0,462.2
445.4,254.9
140.1,120.5
477.9,194.0
104.7,322.5
218.8,161.2
127.6,369.9
474.3,106.6
22.1,397.5
265.7,230.2
34.9,269.4
299.4,63.0
288.5,241.5
96.5,379.1
82.3,160.1
343.4,183.0
80.9,99.1
101.7,310.1
150.8,88.5
470.2,133.0
316.2,331.4
378.3,76.6
98.0,394.4
139.4,296.5
468.0,359.4
488.6,366.8
334.9,497.8
346.7,63.9
109.8,170.0
243.7,470.9
442.6,224.8
308.4,52.1
477.5,361.3
160.7,476.0
382.9,230.7
197.4,297.1
302.8,249.6
431.9,51.7
470.3,112.5
199.2,317.5
469.3,492.7
174.6,359.0
297.0,21.6
499.9,287.0
193.0,226.2
149.7,181.3
129.1,192.9
130.5,19.0
6.6,264.3
404.9,380.5
389.1,405.4
22.0,150.2
279.6,271.4
156.8,496.2
89.7,261.4
472.4,368.5
251.2,216.1
436.3,371.5
180.5,273.2
170.4,140.3
379.5,176.1
282.4,146.8
254.8,331.8
361.9,380.0
41.5,272.7
396.1,13.0
107.9,458.2
214.8,297.6
11.7,104.7
29.9,242.0
43.0,387.0
220.5,334.7
271.5,445.2
456.4,481.3
495.4,298.1
246.8,317.9
401.6,344.7
409.9,286.1
290.2,299.4
443.8,65.5
155.6,133.9
468.7,159.0
351.1,381.9
456.3,333.2
162.9,101.4
420.6,297.5
436.5,496.1
39.5,395.0
435.0,436.4
394.8,374.5
127.4,132.5
56.9,122.8
368.7,227.5
361.4,350.8
267.4,358.4
367.5,203.7
465.0,307.4
334.6,269.7
263.5,393.6
357.8,48.6
371.7,276.0
423.0,498.3
237.5,349.8
222.3,117.0
479.5,348.1
325.0,219.3
278.4,110.0
389.5,261.1
344.9,123.0
349.5,402.3
498.5,304.5
248.3,300.3
12.9,79.6
172.0,49.6
388.2,364.4
155.6,437.6
469.2,222.1
303.5,147.5
202.3,370.7
168.2,239.4
63.3,364.2
242.3,239.6
207.7,277.2
31.6,15.1
21.9,80.7
182.2,5.3
367.8,285.3
428.7,105.8
115.0,256.8
362.2,33.6
244.0,207.6
462.2,491.0
190.4,249.0
169.1,482.6
229.3,465.7
211.8,111.8
357.3,352.4
330.8,215.3
432.7,300.6
314.7,20.6
230.5,171.1
88.1,11.2
273.3,268.9
98.1,212.6
483.9,101.3
381.4,393.3
489.0,409.2
182.6,349.6
107.4,65.3
75.2,165.3
473.9,55.1
284.8,19.2
236.5,436.3
96.5,110.2
51.5,439.1
462.6,260.1
258.7,268.8
391.9,77.5
317.2,110.5
185.0,327.2
206.2,194.1
94.8,119.3
465.8,205.0
137.2,338.0
273.9,251.8
220.1,352.6
421.3,56.4
425.5,399.9
54.2,155.3
322.3,482.8
220.0,35.6
498.1,440.7
220.2,167.9
186.8,49.3
22.3,411.4
262.9,401.9
352.3,145.1
399.3,180.9
146.6,23.9
421.5,434.2
393.3,215.7
297.3,81.4
96.5,130.2
9.7,498.1
458.3,460.6
90.8,120.1
181.9,44.7
432.3,166.4
441.6,468.3
431.4,457.6
148.1,228.1
352.8,476.0
20.7,40.5
98.5,62.5
213.9,453.5
344.7,489.9
223.7,93.4
431.0,402.9
179.9,314.7
407.4,440.4
228.8,268.6
271.6,159.4
487.8,139.5
463.3,372.4
416.5,336.9
358.6,162.0
450.1,378.1
311.3,419.7
481.8,286.1
319.6,4.1
55.2,247.5
454.3,175.1
196.0,168.5
174.5,161.0
456.4,434.5
203.7,247.9
415.6,310.1
54.9,145.8
231.5,107.0
167.7,360.8
140.9,231.1
127.2,405.8
441.3,0.3
40.0,424.4
159.7,492.3
342.1,117.1
57.7,425.9
21.3,70.8
288.8,147.1
227.6,436.6
125.4,385.4
362.9,255.2
424.9,47.6
407.0,305.8
70.8,318.2
233.4,243.0
11.8,40.7
157.2,122.4
64.2,409.7
351.4,111.9
435.3,465.3
295.8,252.1
174.0,358.4
262.1,447.9
437.3,276.4
364.8,284.4
5.1,0.3
134.9,264.7
313.9,216.1
132.3,107.6
489.6,389.4
270.2,95.0
331.3,317.7
130.1,112.4
299.5,450.1
254.9,169.5
92.7,54.0
115.7,417.2
436.8,172.5
150.8,172.2
232.2,172.8
110.4,337.5
197.6,390.0
185.7,476.0
391.9,80.1
60.6,170.8
83.5,375.2
150.7,451.7
56.1,303.8
459.0,464.7
489.8,341.5
35.3,463.8
251.6,41.1
150.4,181.8
479.6,324.1
477.1,98.6
464.3,425.4
15.9,139.8
225.7,477.5
198.4,416.3
493.2,94.4
246.8,495.5
422.2,139.9
312.0,461.6
491.8,17.4
17.7,100.7
205.8,227.1
12.4,58.5
300.0,118.0
313.9,28.4
174.8,48.4
262.4,69.4
188.6,339.7
382.2,77.1
11.4,439.4
193.3,81.2
121.4,44.6
82.4,369.8
172.6,180.8
428.1,48.9
146.0,355.7
287.5,330.8
207.1,450.9
75.1,61.1
104.2,196.5
297.3,355.2
449.8,349.1
223.9,311.7
295.3,2.0
235.6,183.9
211.7,160.8
119.2,263.5
349.9,175.4
41.4,278.3
156.3,389.6
286.9,177.3
93.9,160.4
338.1,355.0
253.8,120.8
399.3,210.2
68.8,277.8
40.9,345.1
487.6,435.4
388.4,363.9
115.0,372.8
389.4,153.4
273.4,407.7
334.4,440.4
242.2,221.5
243.7,370.0
349.4,243.2
296.9,458.0
365.1,340.1
477.3,461.2
292.2,8.7
40.9,384.6
71.8,19.7
400.1,215.4
441.4,444.1
316.8,84.9
100.2,363.9
495.9,330.8
412.3,411.0
248.8,151.2
128.1,471.2
132.5,227.2
380.9,306.7
126.7,149.4
345.9,430.5
179.8,461.7
159.5,370.0
171.0,434.6
454.9,165.6
13.5,449.7
225.6,306.2
277.0,147.1
141.8,494.0
161.1,145.8
104.3,69.6
51.8,454.4
297.0,269.8
383.8,446.9
309.6,400.6
358.6,314.8
492.2,321.4
46.3,116.6
193.6,297.3
387.0,207.8
167.2,190.9
441.3,54.6
225.5,278.3
352.1,259.0
367.6,49.5
180.0,347.3
1.0,316.7
47.5,77.4
367.9,234.8
237.6,86.1
295.0,249.2
204.0,73.2
361.5,485.5
58.7,35.2
73.2,116.4
44.0,7.7
248.1,485.7
222.4,231.5
142.3,189.1
173.8,473.0
235.5,66.5
394.3,151.3
488.8,333.1
191.3,411.0
102.8,144.5
396.0,79.7
221.9,142.5
99.7,6.5
158.1,459.2
299.8,191.1
409.0,269.1
158.6,45.8
177.9,381.8
408.4,403.1
412.8,49.9
435.3,456.4
352.6,10.5
483.6,90.8
484.5,110.3
188.1,456.4
79.5,59.3
406.8,399.0
267.4,226.0
90.3,47.2
494.5,37.5
167.8,34.3
282.2,416.5
316.8,390.0
53.6,163.4
155.2,455.3
345.0,152.8
444.7,306.4
161.9,466.4
167.3,98.8
14.0,446.7
41.9,350.1
180.6,114.8
128.7,121.0
238.3,93.3
23.8,150.5
332.6,282.4
298.7,84.0
406.0,400.0
430.8,222.7
153.4,415.8
415.5,137.7
337.8,369.7
474.5,499.3
4.8,90.3
21.2,24.7
421.2,70.0
158.8,369.0
350.5,72.7
428.1,483.2
400.4,212.1
434.8,388.1
264.9,368.7
243.1,380.4
275.5,326.5
403.0,385.1
19.8,300.8
255.8,286.5
414.2,8.7
332.6,381.2
131.6,288.0
403.5,192.7
145.7,369.4
99.9,207.2
63.9,307.7
31.9,34.5
373.1,24.0
46.4,142.4
436.5,157.1
257.8,207.4
486.4,498.8
244.2,294.9
393.5,228.7
294.6,57.7
341.4,177.1
388.9,15.0
397.5,164.9
399.9,85.2
370.7,185.1
197.4,486.6
46.4,498.5
56.6,260.0
414.4,262.5
417.3,204.4
71.7,23.8
293.7,361.4
82.5,197.5
435.6,113.9
373.5,94.7
460.2,373.2
378.6,35.3
71.2,349.2
269.3,340.5
123.6,229.3
321.1,386.9
468.7,431.6
244.1,14.4
322.0,470.8
203.8,251.9
324.0,361.2
139.1,201.0
166.3,162.0
200.7,214.2
483.3,79.8
437.7,51.4
371.5,185.4
463.7,365.6
105.0,144.1
90.7,24.2
309.7,216.5
78.7,204.3
344.2,243.0
239.9,74.4
367.6,84.1
57.3,325.3
351.8,67.7
176.8,333.5
337.0,238.9
420.1,148.4
408.1,215.9
328.6,352.0
438.2,486.9
360.2,437.2
78.2,249.4
469.0,360.2
232.3,485.4
437.2,485.4
177.4,316.9
187.5,205.7
115.9,468.9
359.4,49.6
431.6,195.1
6.1,357.4
336.0,455.7
450.9,2.6
323.1,256.5
120.0,112.6
403.8,226.8
113.1,166.8
183.3,189.5
31.6,235.5
453.2,135.7
133.5,360.1
257.3,130.7
176.0,282.3
182.2,153.5
142.4,452.4
481.4,456.6
218.3,448.2
306.5,263.7
323.9,343.7
49.2,138.9
138.7,280.1
214.5,482.3
144.4,271.9
273.0,341.5
328.9,383.6
286.2,90.5
490.0,18.4
78.9,375.5
350.2,359.0
203.4,301.6
295.5,362.1
63.0,140.6
177.6,277.0
13.3,253.7
271.1,302.7
88.9,468.6
311.6,56.4
4.4,431.8
383.4,410.1
403.3,461.5
336.3,105.4
230.2,477.1
219.9,272.4
2.3,422.5
144.0,187.6
8.4,288.8
189.9,39.0
65.2,48.0
217.8,263.1
200.5,394.6
405.8,87.4
212.5,376.6
364.2,381.5
267.7,263.6
317.1,40.3
435.8,94.7
275.0,121.2
488.4,408.8
267.7,436.9
105.0,278.2
482.1,39.9
445.9,490.8
450.6,481.6
320.6,283.9
405.2,90.1
306.3,456.8
246.1,127.1
116.8,416.7
217.5,377.6
50.6,354.3
394.6,418.1
470.8,89.0
294.5,230.7
469.2,163.3
218.0,493.4
190.7,17.6
111.7,207.1
230.7,160.3
298.4,366.8
22.5,385.9
326.9,70.4
271.3,134.9
498.8,85.8
365.4,330.5
370.5,376.0
471.9,402.9
407.4,429.2
392.1,38.5
158.2,6.4
5.4,321.3
461.4,126.1
156.6,461.1
36.0,223.8
241.1,411.0
68.5,490.0
66.9,34.3
138.6,10.5
432.8,61.9
217.0,136.0
423.2,50.2
51.4,153.3
254.4,247.6
343.9,290.0
60.3,473.7
95.8,279.5
99.4,118.1
311.5,20.1
72.4,27.0
94.2,82.7
420.2,183.9
386.7,283.5
246.5,277.3
375.5,222.4
192.7,386.4
160.7,87.1
439.2,170.7
183.3,212.7
437.4,44.9
444.2,58.8
59.7,346.1
451.4,386.4
426.4,112.9
172.3,73.4
476.2,171.2
3.2,383.7
228.7,192.4
221.6,143.2
269.6,392.5
304.9,262.2
33.5,346.4
343.0,3.0
37.2,330.4
105.6,83.6
177.5,221.7
32.2,322.1
23.1,311.7
194.1,204.7
475.1,495.0
46.5,250.8
334.2,411.1
119.4,349.3
397.5,189.9
117.9,30.6
409.1,399.1
208.4,25.5
1.9,327.8
174.4,91.4
292.7,426.3
135.5,467.9
178.2,16.0
375.2,309.8
361.5,494.4
460.7,71.4
415.4,229.4
260.2,103.5
198.9,349.1
88.5,162.1
111.4,477.7
97.1,30.8
484.5,414.1
311.8,372.0
46.0,139.4
461.8,56.4
41.1,39.9
26.4,215.5
89.2,478.1
355.6,227.1
45.0,414.3
382.7,84.2
346.1,248.8
335.5,328.2
454.6,415.0
144.8,326.3
51.9,363.8
95.9,26.4
175.3,294.7
35.7,485.6
28.7,190.1
220.9,489.4
342.0,80.5
61.8,104.2
480.7,409.9
143.5,37.9
169.3,156.7
219.0,259.7
136.2,310.2
435.1,185.1
189.4,421.9
8.2,486.0
299.0,63.8
80.1,300.2
163.2,15.0
247.2,495.2
31.4,166.9
23.3,286.2
114.4,96.2
322.0,387.7
230.5,58.9
344.6,474.7
198.5,480.5
98.1,173.9
351.0,449.7
354.8,414.2
28.8,182.1
251.6,103.4
3.6,253.4
82.6,24.7
336.9,31.2
161.7,288.9
216.1,105.2
276.9,290.4
189.7,330.5
285.1,411.3
51.6,264.8
10.1,293.9
30.9,54.2
379.1,1.4
53.3,364.7
304.2,368.8
277.7,426.5
131.3,358.3
305.3,268.3
329.5,475.3
66.9,251.1
44.4,74.5
149.1,488.4
310.5,337.8
83.9,316.6
359.7,59.6
230.2,456.4
52.5,249.6
146.8,461.8
276.7,333.5
76.8,343.1
405.2,115.5
348.3,461.3
466.2,397.2
360.3,156.6
145.8,158.0
222.8,183.6
478.6,439.2
97.8,211.5
25.5,419.4
300.2,249.3
178.2,293.6
321.9,22.8
421.3,349.1
337.3,57.0
484.5,55.3
423.6,124.3
421.5,178.2
230.9,470.4
223.6,166.8
122.4,262.0
297.7,102.2
7.7,177.5
399.5,251.9
244.0,372.2
478.4,57.8
270.2,10.7
356.0,98.4
351.8,117.4
335.3,389.0
172.3,394.0
214.3,98.0
16.1,372.1
386.9,352.6
323.8,334.6
217.9,122.8
340.8,149.9
359.0,420.4
481.9,405.1
318.7,340.1
213.1,219.6
394.4,445.6
334.3,132.9
467.5,299.1
270.8,379.2
130.9,439.9
473.5,350.9
92.8,339.3
353.3,341.3
252.8,426.3
238.9,422.3
199.4,475.1
354.3,480.8
25.8,240.4
361.2,312.5
477.0,214.7
7.3,223.3
41.0,363.9
72.1,77.7
174.1,386.7
154.9,295.9
187.2,260.0
281.8,125.0
355.4,18.2
193.1,182.8
93.6,262.1
437.0,304.8
498.7,27.3
159.5,446.4
6.6,94.2
61.1,3.0
359.6,167.8
248.4,407.1
384.0,257.4
244.4,484.6
444.3,428.3
373.2,38.7
320.2,257.6
10.5,212.9
138.8,315.2
278.4,79.5
151.7,65.7
452.6,304.2
306.4,95.1
206.3,202.7
324.8,496.1
364.3,444.6
133.8,87.7
377.3,234.8
371.6,132.3
419.4,325.2
483.9,208.9
332.9,180.1
320.2,224.7
219.6,319.1
380.4,206.3
275.9,41.3
257.1,297.4
108.7,160.5
301.2,347.7
361.9,495.7
302.9,459.8
26.2,86.8
122.9,88.3
332.9,390.8
176.0,282.7
84.7,374.6
362.2,388.7
159.4,459.2
141.5,176.7
367.1,425.9
369.1,308.0
142.5,48.1
70.9,311.6
445.6,144.3
114.3,380.6
345.5,55.0
255.5,93.2
61.8,79.0
156.0,450.0
68.9,382.3
187.3,295.8
352.2,69.3
86.9,17.5
425.8,34.1
119.3,221.5
401.4,234.4
164.5,483.5
306.7,147.0
387.7,337.5
195.3,234.7
116.2,431.9
41.0,1.2
393.7,70.1
439.9,140.1
437.2,270.3
460.6,462.9
426.4,63.3
151.9,447.3
57.6,216.3
298.0,276.4
257.6,304.1
428.4,7.7
21.4,271.4
115.3,29.8
399.9,160.6
460.5,372.5
188.5,331.9
103.5,235.8
47.0,135.1
412.6,350.3
483.6,387.6
496.6,47.9
197.2,164.9
173.5,23.0
418.9,295.5
438.4,187.4
327.3,396.6
452.0,185.8
23.3,466.9
25.8,186.0
405.4,238.5
33.8,358.8
195.1,82.9
472.7,273.3
8.7,432.1
317.5,36.2
278.0,441.1
460.0,206.0
146.4,472.9
347.0,464.4
54.3,225.6
103.0,11.3
153.8,437.8
167.2,128.2
65.6,308.3
53.4,24.8
128.2,106.7
157.8,206.3
110.6,281.1
291.2,67.5
133.8,73.3
90.2,354.9
330.9,157.5
55.0,224.4
74.0,350.7
299.8,379.2
472.6,416.4
444.8,297.4
386.2,174.8
59.7,230.1
45.8,462.4
171.5,76.6
213.2,291.5
153.4,146.3
127.9,463.8
147.5,186.1
369.8,392.6
391.4,371.6
488.0,268.9
105.3,122.5
207.5,441.3
77.0,266.6
35.3,97.7
448.8,366.6
392.8,269.9
481.9,83.2
148.6,168.3
24.4,363.1
452.3,234.8
355.7,179.1
398.1,407.7
144.6,462.8
325.6,451.6
296.9,338.0
336.1,168.3
182.2,320.7
277.7,8.5
6.9,257.9
497.5,381.7
293.0,434.3
66.1,233.0
243.5,256.3
92.8,320.9
345.4,77.5
222.7,347.3
289.9,99.5
78.3,163.2
473.0,262.2
198.9,294.4
300.2,150.8
380.3,87.2
19.1,18.8
50.8,425.2
155.0,100.2
179.3,168.5
32.3,260.2
477.9,199.6
65.4,339.5
191.8,84.9
311.6,445.9
56.9,398.2
470.5,163.2
397.0,446.8
226.8,217.6
12.3,190.2
454.8,71.1
347.7,373.7
167.7,197.7
389.1,446.0
85.6,173.0
21.0,165.2
362.9,475.6
385.7,173.3
375.9,299.2
387.4,385.4
70.3,302.7
67.6,482.4
277.6,355.8
20.5,33.2
484.0,457.5
111.8,17.6
289.6,162.5
452.8,3.5
127.6,254.3
283.0,358.9
367.2,322.6
31.9,115.2
310.5,340.5
175.4,59.4
302.2,99.8
301.0,237.8
444.0,458.9
243.0,111.9
376.1,330.2
468.6,284.4
194.4,328.2
208.1,303.3
179.2,477.6
243.4,160.1
272.5,251.7
393.4,279.2
138.7,354.1
309.2,5.1
80.8,408.5
429.8,310.3
493.4,115.6
440.5,195.7
427.8,379.8
244.6,315.1
377.6,397.0
46.2,170.3
271.1,181.5
346.9,380.3
143.6,433.1
383.8,21.0
257.3,334.5
29.4,93.6
189.1,47.6
310.6,336.3
49.5,30.3
91.9,30.4
445.3,417.4
146.3,264.7
256.6,361.8
276.8,404.2
259.5,496.6
247.5,68.6
410.5,272.5
265.9,276.7
65.2,55.4
334.9,161.9
239.9,118.7
50.5,131.6
10.4,241.9
306.4,207.1
311.1,288.2
84.4,145.5
19.6,410.7
233.1,267.7
170.1,416.1
152.0,224.3
361.5,155.9
22.2,398.6
115.3,274.2
273.7,95.8
462.1,418.6
492.3,484.3
478.3,404.3
351.2,152.0
237.9,496.8
1.4,57.5
300.3,240.6
40.9,329.1
299.5,67.6
274.9,19.2
440.3,209.8
451.7,1.1
413.8,386.2
37.5,320.1
479.4,198.2
35.7,221.5
35.8,146.2
167.6,375.8
166.0,183.2
252.9,227.2
255.7,161.7
139.7,272.0
271.2,467.8
156.6,211.0
289.5,15.3
74.6,157.1
42.4,325.4
4.1,108.7
235.0,38.4
146.5,454.8
30.8,326.8
225.3,403.4
18.8,202.8
261.1,233.8
115.6,124.2
349.4,136.1
119.3,414.1
198.8,275.9
276.3,252.7
465.7,172.1
21.4,359.2
124.3,218.9
491.0,16.9
173.4,299.0
87.9,156.4
33.3,294.0
24.2,294.3
355.8,18.5
122.3,456.6
33.8,357.1
409.1,394.4
484.8,91.9
328.6,218.7
116.9,332.6
64.5,94.7
453.9,261.0
245.3,238.5
140.9,473.1
135.7,339.5
471.7,257.4
103.0,41.0
27.1,134.8
394.5,401.8
458.6,202.0
448.2,3.4
416.4,90.1
46.8,195.6
309.7,107.5
376.6,428.8
234.2,108.6
243.4,427.8
142.4,210.1
387.6,32.0
191.0,379.5
29.1,359.7
366.9,294.6
283.0,223.3
133.8,278.3
47.4,101.5
151.9,460.1
71.1,70.0
195.4,183.4
181.6,78.8
410.8,95.8
11.2,411.8
87.3,213.5
93.9,176.1
36.9,152.0
404.6,51.2
281.7,218.4
466.1,499.6
92.8,474.9
302.9,88.7
299.8,189.7
498.3,167.3
145.7,104.0
56.0,340.5
400.9,322.1
403.3,367.1
479.1,48.9
468.9,190.2
470.4,218.5
498.8,241.8
98.7,97.7
71.1,67.2
325.0,339.6
324.3,394.2
125.3,136.8
312.1,8.9
123.3,216.8
351.5,437.0
10.0,497.1
441.2,282.4
154.1,96.2
427.9,330.9
102.4,368.9
242.7,255.6
358.7,47.0
427.4,271.3
23.6,214.5
4.5,136.9
387.5,483.6
187.8,469.6
402.0,9.1
417.7,498.7
241.4,313.8
261.9,413.0
188.8,92.0
319.6,215.5
63.8,169.9
257.3,31.3
441.8,96.5
118.6,303.1
277.4,267.1
86.5,361.1
233.9,101.2
77.8,449.4
475.3,342.2
372.7,133.1
62.4,195.0
333.1,325.4
390.2,147.1
371.8,167.8
174.0,345.5
380.3,480.7
148.9,215.5
131.3,302.7
481.7,223.5
226.5,249.5
262.1,50.3
190.8,199.3
1.3,253.8
497.1,453.8
27.9,87.2
485.2,456.9
141.5,469.7
196.4,151.4
14.1,344.0
351.5,386.5
252.6,421.7
486.0,4.4
58.7,60.3
78.4,292.4
60.0,389.4
30.6,114.1
41.9,221.1
277.2,298.5
50.9,124.3
405.0,45.5
280.5,386.0
494.5,282.8
228.8,18.9
307.8,92.1
420.5,253.8
204.1,260.7
432.0,206.2
291.9,390.9
166.2,472.5
154.1,392.6
145.4,219.4
210.2,92.0
372.2,354.7
426.1,117.5
68.8,448.4
294.0,388.8
463.6,82.5
475.7,433.4
370.2,423.0
215.7,14.4
336.6,14.5
300.7,160.4
70.3,202.3
357.8,446.7
16.8,321.6
129.9,422.2
255.4,4.8
234.6,131.0
411.9,64.4
464.3,137.1
109.9,344.4
17.3,89.2
461.6,329.9
344.5,189.9
480.3,488.4
440.4,359.1
372.9,217.0
180.4,474.6
166.9,491.4
314.3,211.5
133.6,77.7
65.6,406.7
317.4,201.0
425.5,180.0
367.0,12.0
249.1,241.1
128.0,485.2
430.5,105.1
350.4,361.0
80.5,396.5
373.4,92.7
17.9,231.8
140.4,239.1
179.9,452.2
332.6,8.8
157.3,288.1
361.0,296.9
226.9,353.7
498.4,381.8
341.4,50.2
289.4,430.8
238.4,192.5
7.3,169.9
413.9,401.7
363.5,326.0
10.6,103.3
113.8,448.1
425.9,122.4
246.5,26.0
179.0,169.9
46.4,226.3
146.6,137.2
48.1,25.6
399.1,125.2
349.3,293.3
385.9,266.7
16.5,101.0
480.8,446.6
312.1,432.7
446.8,121.2
309.5,57.9
28.4,384.9
67.8,312.4
272.8,492.1
201.5,397.0
378.9,228.3
286.4,100.3
426.6,313.1
66.6,116.3
71.9,158.4
362.4,290.5
189.7,415.2
110.7,336.4
417.1,498.1
261.1,64.7
301.8,67.3
27.4,114.8
428.4,39.2
279.8,477.7
139.3,193.4
254.4,91.4
129.3,222.6
261.3,113.8
340.2,109.5
125.9,367.9
245.9,128.8
419.8,216.2
441.4,206.2
170.9,171.9
38.6,379.0
22.3,318.8
19.7,228.3
192.8,43.0
283.9,50.5
59.3,236.7
216.0,451.3
372.8,464.0
19.2,210.8
90.2,143.3
148.2,178.0
146.2,342.4
67.0,54.8
309.8,299.1
327.0,464.6
138.5,254.0
494.1,230.6
481.4,278.0
193.0,229.8
40.7,8.4
190.1,6.9
491.2,321.4
113.9,299.2
165.8,172.0
274.8,23.0
367.3,264.5
472.7,360.2
11.0,3.5
67.8,373.7
257.5,320.8
152.1,189.5
498.4,63.2
82.8,363.2
305.1,423.4
103.9,454.8
57.4,237.7
382.3,91.6
49.6,41.1
406.0,485.6
316.6,226.4
294.5,151.8
486.1,109.9
349.5,480.6
229.4,360.2
129.4,194.0
180.9,293.7
79.5,350.5
56.2,275.7
442.2,2.6
292.9,195.0
427.2,63.6
389.8,335.9
472.7,16.3
16.6,146.9
128.0,325.0
198.7,92.3
388.9,135.1
53.6,94.9
326.5,32.3
403.9,57.8
444.7,105.1
123.0,463.0
49.4,275.8
337.8,143.9
298.1,92.4
124.6,329.6
356.2,291.0
67.1,55.7
56.3,249.7
185.9,416.0
125.1,18.9
357.3,328.9
450.2,115.1
8.8,81.1
266.9,430.7
204.8,390.9
325.7,279.7
223.3,220.9
215.0,226.3
221.0,135.5
165.6,327.6
76.9,154.1
77.5,452.4
498.9,253.5
497.3,341.6
257.2,396.9
126.5,122.8
329.6,97.5
252.4,341.1
236.6,223.8
437.1,273.0
50.4,332.6
452.1,402.7
265.2,412.5
399.2,242.9
379.1,128.6
173.9,475.9
328.2,243.7
492.7,367.6
152.1,376.6
29.0,155.1
284.7,479.7
169.1,160.7
364.7,428.6
231.0,349.4
261.8,344.6
286.6,477.7
290.3,100.2
351.7,111.1
262.0,362.8
326.5,220.5
386.2,212.0
423.0,96.1
146.1,177.0
220.9,218.0
61.6,295.4
471.1,219.9
476.2,325.2
319.2,272.6
213.8,115.6
327.7,166.5
109.5,215.9
309.6,138.2
150.3,104.3
442.9,252.7
332.8,371.5
162.9,352.1
125.1,206.9
69.8,66.9
311.5,227.9
395.6,112.4
236.4,415.7
495.9,18.8
473.3,429.6
81.9,261.0
66.9,244.0
135.8,31.0
97.0,292.5
290.3,354.1
472.8,59.7
168.7,13.9
146.5,465.0
358.4,115.9
475.8,469.8
235.1,24.8
35.2,33.8
410.6,245.5
271.5,315.4
353.0,494.4
144.0,152.7
92.6,201.0
405.7,353.0
146.6,255.1
345.7,166.3
283.0,448.4
137.8,303.5
101.6,470.0
408.6,210.2
309.9,382.1
335.4,313.3
294.3,109.6
37.5,424.6
185.2,384.8
345.9,46.7
266.3,27.0
138.9,360.1
468.2,337.7
474.9,122.9
412.3,379.4
427.1,260.3
369.9,8.2
390.4,310.8
295.0,336.6
139.5,209.9
146.8,146.5
445.0,15.0
391.5,296.4
105.3,460.5
177.5,13.3
377.7,75.6
316.1,149.3
139.2,266.7
112.2,105.5
109.5,286.5
91.2,97.5
82.4,5.2
137.5,236.4
69.9,439.2
26.4,403.0
266.2,246.6
238.7,200.0
371.8,371.3
32.2,26.1
198.0,316.8
479.9,364.8
27.4,19.0
216.1,328.8
192.0,206.2
309.3,112.2
2.9,298.0
30.2,281.7
180.2,24.7
424.6,260.9
265.3,259.4
30.8,127.7
304.0,360.6
246.6,335.7
486.1,381.6
130.8,170.8
235.3,201.8
40.0,132.8
226.1,246.1
463.0,321.7
134.0,476.7
20.7,292.7
71.9,158.4
188.9,158.9
476.4,334.4
64.5,117.1
72.8,395.9
273.7,457.6
370.1,26.1
244.6,328.9
319.2,179.1
156.8,119.5
166.3,441.5
409.5,411.2
45.2,104.1
255.5,222.0
179.9,341.7
428.0,124.1
218.4,365.3
395.0,275.0
248.0,460.9
19.1,271.0
227.1,149.7
491.8,212.9
469.0,410.0
202.0,406.5
410.6,392.5
320.5,158.1
185.3,26.3
67.3,306.6
485.2,484.1
235.0,233.2
311.9,160.1
260.3,262.5
14.2,366.8
403.2,379.3
363.4,287.4
446.8,299.3
287.7,224.3
484.6,37.2
390.8,265.9
127.2,259.4
136.8,323.0
382.7,339.4
188.4,17.5
16.9,264.6
382.4,186.9
365.8,141.2
96.1,265.4
13.6,83.0
264.8,495.5
260.6,267.0
471.5,424.1
178.3,54.5
392.8,449.1
116.1,438.4
196.1,157.1
138.1,56.1
237.3,498.4
72.9,318.2
173.0,472.6
451.7,162.7
429.2,20.9
472.5,119.5
78.0,231.5
70.7,483.2
26.5,306.2
59.3,30.7
272.5,237.9
328.8,456.6
83.2,464.4
482.2,9.0
259.7,150.1
137.4,328.6
401.5,171.3
390.5,291.5
360.9,118.2
40.4,357.4
468.0,207.1
142.3,419.5
193.3,375.3
473.2,58.4
212.8,374.6
232.9,462.7
163.8,432.1
4.7,499.8
189.1,59.3
16.6,489.9
213.2,227.1
282.4,328.4
368.5,136.7
277.5,443.7
48.9,41.8
267.4,7.6
260.5,28.7
415.5,454.2
11.4,494.8
441.8,4.5
78.0,29.9
161.9,121.4
188.4,17.2
442.6,332.5
261.9,180.4
361.4,323.1
251.2,19.5
118.5,413.9
273.9,47.2
219.6,102.3
444.4,199.6
279.4,6.1
239.4,412.5
192.3,254.5
346.6,188.9
288.4,78.3
64.4,448.7
344.3,214.0
412.5,75.2
201.7,337.4
400.5,404.4
371.2,227.7
165.2,54.8
465.6,233.0
118.6,487.0
113.3,179.3
258.8,321.5
299.8,312.6
424.2,412.2
460.8,241.0
347.0,349.1
233.3,328.7
413.2,226.6
107.0,133.5
470.9,412.1
196.6,128.3
474.6,39.5
419.9,404.5
208.6,248.4
79.0,334.1
230.4,493.8
207.0,445.6
92.4,283.3
45.2,144.8
30.3,368.9
380.9,483.6
281.7,294.3
155.8,302.6
106.8,105.4
188.8,101.9
89.7,224.2
67.0,457.7
118.7,480.5
232.6,49.2
234.9,53.4
34.1,155.4
349.4,175.5
491.3,26.3
404.6,135.0
302.4,443.9
479.0,425.5
18.3,189.1
403.2,289.7
218.9,103.9
205.8,135.4
77.8,122.1
446.0,236.5
184.5,278.2
494.1,411.6
46.7,380.1
400.1,17.6
200.4,116.8
7.6,231.2
199.9,240.7
98.8,136.6
440.2,4.4
230.2,164.0
283.1,302.9
8.0,485.6
149.7,188.5
437.8,225.2
314.6,197.7
198.4,417.4
129.0,334.4
395.2,296.1
310.2,302.0
40.7,218.6
4.8,224.2
371.9,49.8
98.6,123.4
416.5,5.6
63.7,255.1
125.7,407.5
80.6,265.4
257.8,208.2
486.0,396.0
91.5,226.6
87.8,18.4
338.0,339.0
148.9,240.2
381.4,410.9
471.9,70.3
195.8,453.7
355.0,93.8
327.7,323.6
271.2,442.4
136.9,358.6
466.2,458.1
403.9,53.5
417.0,398.6
375.7,256.9
0.8,169.7
200.1,6.8
397.1,103.9
461.8,466.6
485.8,180.3
198.3,46.3
271.8,303.2
245.6,147.7
406.1,375.0
57.4,1.2
171.2,230.5
362.3,465.6
410.0,84.1
65.3,381.9
93.5,54.7
253.3,105.9
51.6,269.4
403.7,150.4
102.7,375.7
461.3,315.2
353.7,213.6
396.5,477.2
125.5,306.9
327.1,242.6
386.0,299.0
129.6,493.9
413.0,371.4
39.6,193.1
337.8,443.8
385.2,199.2
244.3,133.9
226.1,195.6
130.0,350.0
498.3,292.1
285.6,140.4
438.3,495.3
219.6,274.9
168.1,200.9
490.0,78.7
266.7,176.1
163.5,12.0
189.5,489.0
235.6,61.0
381.4,494.2
201.8,301.8
256.6,76.1
322.3,361.6
307.8,324.5
176.3,242.1
379.4,392.2
73.7,468.9
109.5,46.0
70.1,484.8
391.3,473.2
75.7,269.9
191.1,206.5
60.1,166.4
337.5,300.8
469.5,37.9
96.9,420.8
382.4,203.1
258.8,305.5
7.2,109.2
89.6,98.9
266.2,52.2
91.4,150.2
395.5,360.1
351.6,159.9
175.4,342.6
259.5,425.1
477.2,12.2
121.6,347.6
283.5,240.3
223.3,470.5
430.6,137.2
284.0,487.3
11.9,261.2
137.1,147.2
100.4,303.1
32.5,2.4
256.3,155.2
404.2,56.5
63.6,318.1
299.1,422.0
283.3,310.9
291.7,331.2
21.3,425.6
218.5,196.4
76.1,163.5
1.7,120.6
429.9,151.5
179.8,190.1
229.0,32.3
244.0,466.6
39.0,464.0
41.9,376.3
240.7,179.4
327.7,321.7
234.4,30.3
10.0,96.5
141.2,364.8
70.5,403.1
76.4,291.6
364.8,185.8
363.8,205.8
365.2,351.5
450.0,372.4
294.1,345.7
452.0,83.2
471.8,197.4
381.9,118.3
392.8,218.3
218.0,287.2
491.4,488.3
462.8,442.1
175.3,196.5
499.7,152.3
14.7,368.2
221.8,489.2
134.1,475.0
78.9,341.4
146.1,175.6
393.2,399.8
484.3,464.3
472.8,91.6
491.7,243.2
424.8,149.7
80.8,74.6
375.1,497.7
391.2,197.3
166.5,320.9
408.2,443.0
347.8,430.5
159.1,156.2
35.9,400.3
47.0,232.8
295.6,206.4
67.8,251.6
415.4,354.3
250.1,237.0
173.1,357.3
198.8,162.7
283.4,78.2
137.4,261.7
168.0,476.3
476.5,407.0
39.4,133.6
138.6,206.1
480.9,30.5
377.3,35.7
201.6,339.7
54.5,223.1
453.8,365.7
168.7,27.7
444.9,150.0
429.6,211.4
314.0,330.9
256.9,403.5
95.0,31.7
411.1,111.8
123.1,372.6
381.3,304.1
370.0,156.7
282.3,145.4
70.5,416.0
225.1,36.8
413.2,264.3
96.6,393.4
106.6,75.9
270.4,148.7
54.6,493.0
470.8,98.9
433.4,123.7
43.0,227.0
273.5,218.5
341.2,238.3
51.3,374.1
74.5,458.0
238.9,338.9
492.9,294.0
288.4,222.3
10.6,469.9
393.1,121.7
299.1,127.3
499.7,333.0
292.0,157.7
262.5,328.9
272.1,343.5
216.1,183.2
320.8,346.8
204.4,77.8
490.2,201.5
426.9,270.5
270.5,249.3
18.1,124.4
277.0,358.0
431.5,458.1
372.0,110.6
322.6,86.0
44.9,184.3
449.7,49.4
29.7,462.2
232.0,453.4
491.7,294.7
410.0,63.9
234.7,309.8
153.1,251.4
275.2,122.0
248.9,493.5
157.0,305.3
124.5,385.2
223.2,456.6
469.0,167.8
471.0,356.5
47.4,363.0
286.0,273.5
414.5,33.2
269.0,471.5
275.4,188.9
248.5,381.1
37.9,464.2
4.8,236.6
323.4,75.8
360.5,94.2
279.8,409.6
95.3,254.5
463.0,205.0
236.4,409.0
161.0,456.9
326.4,377.6
470.7,148.7
416.0,485.4
330.4,488.4
225.2,358.5
412.5,59.0
414.0,281.1
379.5,273.1
108.9,7.0
273.0,159.0
473.9,402.5
494.4,373.9
141.3,256.0
420.9,44.3
212.3,35.8
474.9,311.8
123.1,29.8
222.7,354.4
246.5,44.9
84.2,181.3
146.4,412.4
207.2,377.0
50.3,243.7
254.4,41.8
292.1,90.2
46.0,414.2
15.8,169.8
332.2,345.6
453.0,479.4
230.3,289.8
392.5,339.0
332.1,296.4
382.0,230.1
50.1,308.5
27.5,388.2
398.4,141.3
374.1,146.8
332.5,189.6
333.7,183.0
414.4,252.7
363.5,386.0
446.8,61.5
51.6,159.1
347.5,238.1
207.0,187.2
11.3,14.2
419.2,426.5
173.9,428.7
266.7,491.8
84.1,284.5
5.4,349.5
344.3,172.3
165.1,348.5
374.9,354.5
248.6,360.6
355.8,6.9
134.4,140.4
374.2,41.1
202.7,190.9
190.6,256.9
317.9,253.7
297.5,115.4
8.5,31.4
475.9,411.4
372.5,392.6
119.7,107.7
432.0,376.8
64.3,302.7
317.8,39.2
19.7,92.1
373.8,400.8
455.1,387.8
423.3,313.1
443.2,34.5
37.7,45.3
183.5,55.6
282.5,7.3
26.8,282.9
361.9,388.1
284.9,384.5
469.4,416.7
318.5,240.7
100.1,326.5
262.6,430.6
290.1,100.3
487.5,257.0
106.7,26.4
2.5,291.0
80.1,15.2
479.2,457.2
194.1,495.6
337.9,102.7
346.0,334.1
74.5,185.4
78.2,212.2
306.5,43.6
226.7,376.8
47.6,76.7
138.2,350.6
214.3,402.8
377.8,45.2
327.7,315.1
3.6,180.6
399.8,83.2
137.9,76.8
388.1,297.8
352.4,307.2
499.1,82.6
491.4,345.6
466.4,61.7
458.3,95.2
345.0,282.4
184.7,261.6
399.3,286.0
49.5,499.1
57.8,77.4
42.9,451.1
458.0,86.7
449.9,212.1
196.6,269.6
416.8,427.8
260.4,434.0
180.9,384.5
296.4,220.5
217.6,313.2
177.8,36.9
155.8,382.1
305.9,305.3
243.1,309.4
229.0,52.8
82.2,109.6
77.7,111.9
474.1,30.4
232.4,230.3
264.0,394.6
221.9,253.7
246.0,403.0
450.7,28.0
233.6,85.4
208.0,190.3
52.8,168.5
427.4,191.5
361.9,376.7
352.9,443.4
43.3,312.1
386.8,193.7
459.2,492.7
387.0,401.7
340.2,198.5
363.9,170.3
287.1,90.8
386.4,302.4
396.9,306.4
381.6,70.3
22.2,420.8
218.5,421.8
206.8,162.7
350.2,76.8
263.2,176.0
444.1,449.1
151.8,199.0
101.0,368.4
87.2,172.4
3.2,16.5
27.2,320.5
65.7,230.5
370.4,101.9
158.6,185.6
187.7,86.7
22.6,44.2
208.2,163.3
193.2,37.6
487.8,487.6
252.0,341.1
37.6,84.1
450.5,96.8
265.8,413.4
65.8,462.1
240.8,382.1
27.3,225.0
482.7,304.2
318.6,33.4
96.0,419.7
406.8,66.4
391.7,403.5
61.7,248.4
297.4,180.9
33.2,459.8
17.9,19.8
244.0,176.4
220.6,125.2
181.6,477.9
71.0,399.4
178.6,309.0
368.3,264.0
6.6,38.1
487.4,359.8
474.6,130.9
301.0,224.8
162.2,456.9
220.7,123.8
46.7,398.2
253.6,408.5
449.4,140.5
109.5,402.1
263.1,336.5
345.7,341.6
379.7,140.4
285.2,433.6
17.4,84.9
148.2,230.5
408.2,442.8
13.4,461.6
407.1,290.4
7.0,103.7
340.2,95.8
331.8,113.3
276.6,404.9
76.2,57.2
381.2,1.3
206.4,450.4
451.7,331.5
125.3,465.7
435.9,11.1
216.4,487.9
412.4,271.6
415.8,247.1
228.2,120.9
201.9,400.6
342.7,145.1
195.9,102.7
54.1,277.6
365.4,343.6
53.6,477.6
491.2,379.0
228.5,30.1
463.0,18.6
461.3,496.1
63.3,478.4
161.1,184.9
7.4,164.3
238.3,39.1
366.9,249.8
26.5,81.2
338.3,483.4
340.0,328.0
2.8,188.1
136.8,325.7
248.6,77.0
21.6,64.7
116.0,138.2
377.3,459.5
195.4,174.2
331.2,196.1
231.4,191.5
199.7,195.6
152.9,469.1
148.0,90.6
98.4,203.1
144.9,75.7
177.7,368.4
354.8,239.6
20.5,23.0
60.8,50.4
321.3,391.7
213.2,228.1
45.7,220.6
45.0,93.4
52.2,140.4
302.2,321.3
201.6,196.4
251.9,308.6
342.6,380.5
375.4,43.9
169.9,100.6
360.5,260.7
189.9,254.6
188.6,131.8
410.7,380.4
356.1,233.5
275.5,129.9
321.3,475.7
418.8,57.9
292.4,366.1
169.1,451.4
56.5,133.0
465.2,53.6
176.0,207.7
200.6,269.2
98.9,30.7
369.3,92.9
283.9,302.4
363.5,311.1
471.6,95.5
163.4,57.2
483.3,132.2
0.7,255.2
9.6,262.0
151.8,388.7
262.2,356.5
130.0,282.9
436.7,215.0
354.0,29.2
343.7,34.9
464.3,340.2
237.0,103.1
325.5,284.7
215.6,93.1
462.1,359.7
473.6,4.0
323.6,96.6
436.4,319.3
75.9,32.5
162.1,434.3
475.7,123.6
182.3,100.9
185.1,430.5
104.3,184.6
120.3,177.8
390.5,394.4
303.8,162.0
374.0,372.4
243.9,222.2
427.3,131.3
382.7,296.6
302.8,491.6
147.9,199.8
312.7,239.5
363.8,73.5
245.8,86.5
299.2,280.0
213.3,408.3
478.9,94.0
174.5,377.1
309.5,141.8
250.6,264.7
195.5,222.3
387.7,450.4
256.0,256.6
348.5,190.7
418.9,199.3
498.8,410.1
187.3,36.8
223.6,217.7
371.6,485.6
84.0,95.3
164.8,187.9
237.3,336.5
95.6,344.8
10.8,12.2
292.4,155.9
12.2,358.6
317.7,424.7
474.3,15.2
71.5,31.9
276.7,99.5
130.8,359.6
391.0,181.6
443.3,277.0
57.6,456.4
495.7,380.5
436.8,130.6
18.0,165.4
256.7,470.7
238.9,100.5
190.3,429.8
22.1,307.1
82.5,196.9
75.2,140.1
449.2,470.3
359.5,168.3
119.7,83.4
127.4,282.4
315.2,213.5
47.6,166.5
311.6,228.0
241.5,57.1
493.6,277.7
11.3,86.4
240.4,66.4
413.1,50.2
135.3,458.8
42.0,96.8
83.9,482.2
332.8,25.0
75.3,472.8
271.8,100.7
48.5,107.4
123.1,395.5
389.8,248.1
262.7,48.0
476.1,278.4
352.5,170.0
7.8,356.2
54.0,133.6
32.5,86.1
219.0,0.3
131.9,108.6
349.0,444.5
431.4,343.7
410.0,358.6
147.3,476.2
324.9,96.1
459.5,377.5
74.1,26.6
494.0,390.3
192.4,222.8
442.6,185.1
86.3,357.3
34.5,395.1
397.1,187.3
202.6,259.5
34.0,280.2
499.8,187.2
173.4,332.0
25.7,111.2
460.4,449.6
468.1,123.1
174.2,169.1
296.6,488.3
23.1,202.9
15.4,151.9
3.5,205.7
445.1,343.8
384.0,355.8
300.6,68.0
220.4,446.9
124.8,449.5
313.5,165.5
325.6,231.5
96.5,276.9
62.9,166.1
228.3,394.4
485.1,363.8
467.4,81.0
136.0,145.6
321.5,145.6
343.3,294.0
396.3,304.8
305.5,312.1
300.8,182.5
455.8,293.1
226.5,240.8
83.9,263.1
399.7,304.5
323.0,107.1
450.5,448.9
23.3,295.1
184.7,25.7
308.3,309.8
59.2,152.2
456.0,417.2
214.1,480.3
118.7,95.3
83.2,45.0
108.5,483.8
405.1,366.7
175.4,229.7
107.5,493.5
353.8,71.6
146.5,211.4
279.4,488.2
4.9,195.4
197.6,10.2
467.4,23.0
361.7,345.0
393.0,462.1
296.7,492.4
369.2,17.2
418.2,110.4
51.5,197.7
365.1,453.9
316.8,325.8
232.2,116.2
1.7,104.9
209.3,248.5
246.2,175.9
192.1,100.0
36.6,142.5
442.1,339.9
496.6,471.7
430.5,335.0
225.6,405.0
63.3,459.5
448.9,271.0
372.5,366.3
254.9,150.7
276.7,389.6
396.3,17.0
233.7,139.2
8.4,327.2
356.3,417.9
276.6,123.4
83.1,425.8
291.3,132.4
373.9,401.9
358.9,133.1
158.5,464.2
138.0,313.1
364.0,199.1
291.5,333.2
415.5,147.2
37.2,468.6
171.0,359.9
467.6,191.1
439.4,69.6
419.8,285.5
169.3,304.9
199.9,449.1
426.4,337.8
126.9,181.1
471.2,382.9
207.4,60.1
339.8,337.6
98.4,307.3
155.0,271.1
344.7,389.1
428.3,195.2
436.6,179.5
451.6,145.6
288.3,99.4
447.3,244.9
89.2,211.6
149.4,169.4
286.4,45.9
308.8,158.5
401.2,364.0
327.1,285.9
483.4,402.6
166.0,439.7
315.2,229.2
136.2,291.8
128.0,53.4
312.1,75.6
380.8,372.2
354.9,195.3
92.7,423.2
28.0,91.7
371.7,300.0
408.8,428.2
321.1,331.2
159.0,407.4
57.5,376.3
391.0,200.8
398.1,203.9
142.6,173.0
425.6,98.9
423.9,161.6
320.9,271.5
356.7,358.2
76.5,150.2
229.1,294.1
259.5,234.8
11.7,44.3
46.1,130.1
305.5,217.5
324.8,300.4
74.5,144.4
216.3,121.0
200.0,180.0
459.2,40.0
293.8,280.6
216.7,108.7
367.8,95.1
103.3,417.2
168.8,452.9
48.9,293.0
449.4,225.1
370.2,203.8
258.3,96.0
95.5,472.6
86.8,388.2
385.6,318.8
387.7,489.8
149.2,27.6
205.7,236.7
92.9,238.3
156.5,246.1
160.0,269.2
100.8,81.5
57.0,430.4
65.2,317.4
42.9,288.6
446.0,387.9
327.6,272.3
54.0,22.5
37.6,463.7
240.2,49.0
239.8,384.3
453.0,377.3
186.9,310.4
20.2,312.3
318.7,113.0
49.5,266.3
192.4,80.7
460.4,164.3
47.4,29.2
264.2,163.7
223.8,247.2
9.0,416.0
285.1,202.0
249.8,310.5
82.6,395.9
211.6,68.1
130.6,312.3
268.7,252.7
234.9,306.3
126.2,156.2
181.6,20.2
228.6,453.2
91.7,45.8
311.7,69.6
390.2,244.1
334.5,52.2
454.3,315.3
460.7,50.3
89.5,109.9
284.5,58.3
390.7,399.6
239.1,275.2
328.3,310.4
270.5,274.3
342.9,85.9
293.6,281.5
488.3,373.7
40.9,436.6
464.5,436.7
458.4,64.6
185.0,20.3
236.8,483.4
323.7,334.6
274.3,329.9
182.4,15.5
386.9,1.2
209.3,69.9
221.8,123.9
12.0,372.1
261.8,83.2
285.6,105.5
150.9,107.2
6.8,276.4
322.2,145.1
111.4,467.3
222.3,93.9
21.4,482.3
322.8,482.3
268.5,185.0
319.5,353.8
407.7,460.8
76.4,41.1
201.3,441.4
111.8,53.9
266.4,340.4
237.3,406.2
321.9,123.1
115.7,110.9
215.7,356.6
204.1,19.3
486.2,446.7
318.0,182.5
494.2,390.7
414.5,483.2
243.0,365.2
114.8,439.4
76.8,19.0
403.3,335.4
435.2,6.0
239.9,286.3
304.5,219.4
289.8,188.4
411.3,304.1
87.9,86.7
75.7,465.6
191.8,368.6
53.8,313.1
291.6,43.1
400.4,128.0
1.2,478.2
81.1,375.7
245.6,26.0
411.9,334.9
17.4,493.8
431.3,479.5
65.8,26.7
4.8,426.5
317.6,110.1
412.8,148.0
447.5,300.3
462.7,486.6
497.3,358.7
463.4,420.3
276.8,363.0
71.1,267.9
354.2,22.6
167.1,495.8
120.1,28.0
375.7,67.6
84.4,420.1
314.2,136.7
142.6,338.8
173.0,334.4
315.9,122.1
204.8,52.6
378.0,369.2
440.3,428.7
30.2,483.2
309.5,71.1
421.9,238.4
288.2,159.3
395.2,257.2
417.2,298.5
8.5,85.3
110.2,352.6
445.4,14.7
244.7,288.7
224.0,124.8
489.7,250.4
159.2,225.1
31.2,270.8
115.5,100.1
231.1,345.2
41.8,110.6
440.8,473.7
313.1,57.8
342.5,492.3
392.5,144.5
65.6,51.5
17.2,58.2
0.6,366.3
253.9,219.1
132.3,192.7
1.4,55.5
2.3,480.0
133.7,185.9
436.8,340.9
106.2,44.3
284.6,465.0
331.1,321.3
416.4,95.2
135.5,143.6
386.6,74.3
51.7,146.0
331.1,201.7
431.8,414.2
206.8,140.6
287.6,278.0
466.1,458.1
147.4,312.4
391.0,347.2
340.7,300.9
355.1,268.0
117.4,471.1
180.8,433.8
91.0,316.0
90.2,202.0
271.8,229.6
229.3,256.6
465.7,378.6
455.5,117.9
476.9,262.8
462.9,287.6
340.8,425.3
253.1,51.6
144.8,72.2
95.5,404.9
234.4,173.7
414.0,9.7
70.2,54.7
117.4,125.1
434.7,260.2
325.4,236.9
215.2,427.2
354.1,170.3
364.4,478.9
496.0,311.9
17.5,330.3
189.0,73.8
368.8,356.9
416.1,206.8
336.3,173.9
205.9,204.3
106.0,189.6
360.8,140.9
212.9,67.2
125.4,422.5
411.5,345.0
190.6,333.0
396.3,188.6
72.6,372.6
142.6,406.9
423.5,217.5
253.5,334.9
14.7,168.9
229.2,318.6
378.9,119.9
358.1,8.5
108.3,225.4
125.2,79.7
56.7,364.3
363.2,238.3
48.0,81.2
256.2,97.3
23.3,23.0
395.7,471.5
8.6,29.4
349.2,365.2
363.1,425.8
6.9,428.9
496.8,405.9
27.4,185.8
360.1,112.8
467.5,200.1
43.0,497.0
101.2,203.9
258.3,22.0
452.0,276.4
146.0,195.7
279.9,108.2
11.5,484.2
205.8,54.5
48.4,487.1
131.9,435.7
250.4,458.5
436.5,88.6
160.0,80.2
171.8,180.8
367.6,225.0
407.0,86.6
132.4,380.4
498.8,342.5
305.4,123.5
339.4,319.6
117.2,446.4
317.8,8.9
97.9,83.9
323.5,307.3
365.6,222.8
139.0,177.9
179.9,148.7
56.9,6.1
31.8,88.9
304.9,432.0
5.9,292.0
370.8,229.2
329.3,33.8
110.0,323.4
95.0,268.8
99.3,217.5
414.0,32.1
237.7,410.4
32.0,201.3
215.9,300.2
243.1,4.0
168.2,447.5
186.2,3.7
398.4,67.3
47.3,347.4
400.8,32.4
108.7,326.9
186.2,306.9
298.9,386.9
224.4,425.4
107.7,37.5
398.9,338.3
448.2,173.1
96.2,142.1
68.9,10.8
254.3,110.3
271.2,65.5
400.7,318.3
280.6,300.6
269.6,317.3
45.7,473.0
155.8,178.3
20.2,124.1
108.6,77.9
134.9,58.8
421.5,293.2
321.7,183.5
168.6,361.0
208.2,5.1
365.8,280.0
244.9,423.7
145.1,296.5
150.6,446.7
466.2,68.8
382.6,14.7
480.3,383.2
263.2,262.0
280.6,338.5
270.5,349.1
145.9,369.6
329.1,398.8
135.1,255.3
335.3,51.1
25.7,350.8
79.7,126.1
120.6,174.9
139.5,366.6
92.4,71.1
439.0,225.7
230.3,356.6
279.8,363.9
194.5,388.4
88.4,53.4
222.5,441.1
257.6,182.0
13.4,92.2
311.7,362.1
432.7,117.2
440.2,87.7
69.8,429.0
428.9,208.8
357.8,148.1
340.9,154.9
89.3,442.9
146.0,238.7
98.2,103.9
151.2,65.5
371.8,160.1
358.4,476.7
25.0,497.2
73.9,384.8
126.9,391.7
47.8,174.3
8.1,439.9
228.2,5.7
33.1,412.4
339.5,124.5
144.8,476.7
206.1,280.1
406.0,175.2
47.2,163.0
194.8,155.2
38.6,479.8
330.6,343.1
12.0,0.5
280.7,0.7
461.1,189.9
21.3,279.4
415.6,189.9
43.4,359.5
217.6,467.6
167.2,330.4
400.3,283.9
77.5,335.4
466.7,161.9
173.8,300.2
471.8,458.6
467.6,37.7
4.6,145.2
262.1,139.4
310.4,299.3
144.2,19.5
237.9,488.9
10.2,323.1
39.0,40.3
467.5,288.7
196.0,459.3
106.9,347.2
364.0,277.2
133.4,68.4
440.2,423.2
42.4,436.6
64.8,148.6
270.9,414.0
444.0,235.5
321.0,478.0
221.2,205.7
148.9,374.4
282.4,178.8
260.4,84.3
368.6,483.4
383.7,303.2
71.4,152.8
184.5,337.7
4.1,243.1
319.1,369.5
82.7,187.4
265.6,372.8
440.6,399.8
381.8,262.0
132.4,335.0
194.8,270.0
148.9,26.5
286.4,219.3
49.2,444.3
468.9,468.9
27.4,154.8
419.1,57.8
90.5,169.7
394.0,183.9
170.1,148.5
158.9,152.0
423.6,305.4
454.6,240.4
355.6,243.6
425.6,406.3
7.2,387.2
442.6,280.7
202.5,12.9
136.5,80.5
324.7,483.6
388.6,201.9
34.8,187.1
306.1,278.4
255.1,61.6
229.0,143.2
49.3,315.9
11.1,231.9
179.6,490.9
104.5,210.6
256.6,366.2
26.9,300.3
220.7,179.3
86.8,370.1
400.0,121.0
119.6,497.1
473.6,479.9
145.4,334.6
315.3,449.7
196.9,394.0
155.4,125.2
5.7,285.4
429.1,33.2
125.5,362.8
182.5,400.3
191.2,415.6
127.6,268.2
22.2,491.6
272.9,179.8
294.8,450.5
88.7,231.0
310.3,452.4
49.5,398.9
96.6,190.5
42.0,113.1
88.9,462.0
435.8,18.0
66.3,318.3
140.5,492.2
341.1,387.7
405.6,392.2
31.5,102.9
445.6,93.4
117.7,270.2
423.6,179.7
182.5,371.0
209.2,130.9
243.3,377.8
154.4,367.8
406.4,340.2
25.5,185.6
58.0,420.4
439.5,417.1
449.0,262.5
166.4,179.0
284.2,234.7
184.8,85.4
271.3,124.2
318.5,14.7
427.7,118.3
182.3,161.5
248.1,28.7
449.5,51.9
354.7,13.0
44.8,20.3
224.4,400.5
276.6,393.5
51.7,154.5
209.6,213.4
489.5,105.7
305.2,293.7
377.5,343.3
341.9,46.8
397.2,321.7
204.9,54.2
470.7,156.0
140.5,85.3
401.5,67.2
260.8,257.3
425.9,363.5
285.8,119.1
102.2,386.3
32.2,307.4
201.7,331.8
383.9,439.9
482.3,397.5
215.1,134.7
58.1,6.1
172.0,252.5
340.1,398.5
480.7,174.8
445.2,265.4
442.1,461.4
242.5,375.8
392.8,262.1
44.1,293.4
107.8,380.7
156.7,424.5
164.2,461.9
212.0,469.5
363.2,490.1
210.0,258.4
308.7,169.9
225.7,199.0
418.2,147.9
217.3,274.4
471.2,400.2
315.4,457.5
66.9,261.7
18.6,415.3
351.5,173.2
32.9,104.6
254.4,326.5
257.7,175.7
364.8,91.0
121.0,41.6
8.5,338.3
262.8,109.8
453.2,374.8
282.3,27.0
323.9,275.8
60.1,20.7
269.3,50.6
247.4,218.1
247.4,172.8
106.4,300.0
338.4,197.2
408.4,68.5
405.4,39.0
192.0,51.4
310.1,499.0
314.3,135.1
256.2,250.1
88.0,432.9
10.0,494.9
460.6,132.0
315.1,392.6
402.3,139.3
270.0,77.7
325.4,451.1
326.3,199.0
180.1,194.5
354.6,157.4
253.7,262.5
211.7,174.7
157.9,268.1
230.2,486.9
369.3,163.1
162.1,488.1
43.9,197.9
412.3,92.6
99.1,108.4
467.8,155.2
202.6,202.6
73.2,253.9
203.0,1.9
265.8,184.1
493.7,8.2
332.9,459.3
199.5,215.2
276.4,356.9
407.8,276.8
179.3,266.7
360.7,171.0
336.2,394.0
439.7,241.4
94.5,169.8
257.4,484.1
82.3,8.5
36.3,341.2
285.4,373.5
248.0,362.7
31.6,377.5
294.4,400.2
51.9,351.9
228.1,187.3
438.6,209.8
342.9,102.6
311.1,217.5
273.1,486.3
438.8,53.1
