39 point hull size. 
The Algorithm made 2685 operations.
The size of the array was 100. 
Hull computation time: 0.0015133 seconds
The points in the convex hull are: 
(45.3 244.6)
(45.7 235.3)
(54.6 202)
(64.4 172.8)
(122.5 92.8)
(154.3 68.8)
(172 61.7)
(194.8 53.5)
(233.3 45.7)
(244.6 45.3)
(298.7 53.5)
(328.2 62.8)
(356.9 78.8)
(358.3 79.6)
(401.7 113.6)
(417.9 139.7)
(436.1 172.8)
(445.8 200.1)
(454.8 248.5)
(453.4 268.2)
(449.4 296.5)
(444 310.9)
(428.6 349.3)
(398.4 389.6)
(394.8 393.4)
(352.8 426.6)
(345.3 431.1)
(329.5 438.2)
(312.9 444.3)
(249.3 454.8)
(219.7 448)
(165 433.5)
(131.3 411)
(114.4 398.9)
(103.4 389.9)
(94 378.7)
(84 363.8)
(63.3 323.4)
(47.2 274)
