50 point hull size. 
The Algorithm made 2658 operations.
The size of the array was 100. 
Hull computation time: 0.0015501 seconds
The points in the convex hull are: 
(50 250)
(51.6 224.9)
(56.3 200.3)
(64 176.4)
(74.7 153.6)
(88.2 132.4)
(104.2 113.1)
(122.5 95.9)
(142.8 81.1)
(164.8 69)
(188.2 59.8)
(212.5 53.5)
(237.4 50.4)
(262.6 50.4)
(287.5 53.5)
(311.8 59.8)
(335.2 69)
(357.2 81.1)
(377.5 95.9)
(395.8 113.1)
(411.8 132.4)
(425.3 153.6)
(436 176.4)
(443.7 200.3)
(448.4 224.9)
(450 250)
(448.4 275.1)
(443.7 299.7)
(436 323.6)
(425.3 346.4)
(411.8 367.6)
(395.8 386.9)
(377.5 404.1)
(357.2 418.9)
(335.2 431)
(311.8 440.2)
(287.5 446.5)
(262.6 449.6)
(237.4 449.6)
(212.5 446.5)
(188.2 440.2)
(164.8 431)
(142.8 418.9)
(122.5 404.1)
(104.2 386.9)
(88.2 367.6)
(74.7 346.4)
(64 323.6)
(56.3 299.7)
(51.6 275.1)
